1,-36.58
2,-36.13
3,-37.9
4,-36.1
5,-37.66
6,-38.57
7,-37.97
8,-34.52
9,-34.07
10,-35.73
11,-35.52
12,-38.72
13,-38.89
14,-38.46
15,-37.2
16,-36.2
17,-35.97
18,-38.53
19,-39.5
20,-38.28
21,-42.09
22,-38.18
23,-40.41
24,-44.0
25,-38.8
26,-39.83
27,-38.79
28,-39.52
29,-40.22
30,-42.66
31,-40.92
32,-42.68
33,-43.17
34,-38.23
35,-40.14
36,-36.31
37,-40.2
38,-42.47
39,-42.36
40,-37.76
41,-39.12
42,-43.79
43,-38.18
44,-39.54
45,-37.98
46,-42.65
47,-42.21
48,-42.62
49,-38.32
50,-44.81
51,-39.44
52,-46.1
53,-46.64
54,-40.25
55,-45.5
56,-40.38
57,-48.58
58,-41.64
59,-39.02
60,-45.49
61,-41.69
62,-45.89
63,-44.88
64,-42.87
65,-44.87
66,-40.73
67,-45.13
68,-41.33
69,-45.21
70,-45.01
71,-44.02
72,-40.62
73,-39.18
74,-45.83
75,-43.63
76,-51.41
77,-39.46
78,-46.87
79,-40.29
80,-46.29
81,-44.82
82,-46.41
83,-40.45
84,-47.57
85,-48.51
86,-46.75
87,-51.01
88,-40.98
89,-44.32
90,-46.84
91,-40.4
92,-42.37
93,-44.97
94,-47.4
95,-52.35
96,-46.11
97,-44.05
98,-43.35
99,-39.49
100,-43.18
101,-45.75
102,-43.97
103,-43.69
104,-37.24
105,-42.83
106,-45.23
107,-43.76
108,-44.5
109,-42.51
110,-40.31
111,-45.2
112,-42.07
113,-46.62
114,-41.72
115,-44.71
116,-45.5
117,-36.96
118,-39.11
119,-40.97
120,-41.86
121,-46.66
122,-42.38
123,-45.66
124,-39.86
125,-39.96
126,-43.8
127,-45.46
128,-42.36
129,-38.13
130,-44.38
131,-43.44
132,-47.15
133,-42.12
134,-42.51
135,-41.21
136,-46.39
137,-44.22
138,-50.95
139,-47.01
140,-41.01
141,-44.8
142,-47.32
143,-43.01
144,-40.64
145,-41.93
146,-40.99
147,-43.46
148,-43.59
149,-47.24
150,-43.37
151,-41.78
152,-41.23
153,-41.66
154,-44.09
155,-39.79
156,-49.11
157,-40.52
158,-44.21
159,-49.47
160,-43.74
161,-51.33
162,-49.07
163,-43.88
164,-42.51
165,-42.09
166,-42.38
167,-45.94
168,-47.72
169,-42.15
170,-42.23
171,-41.53
172,-45.76
173,-46.63
174,-40.75
175,-44.21
176,-44.51
177,-41.18
178,-43.82
179,-44.03
180,-38.95
181,-44.89
182,-40.11
183,-39.22
184,-44.67
185,-42.7
186,-40.07
187,-43.1
188,-36.28
189,-41.93
190,-36.87
191,-41.45
192,-45.14
193,-45.27
194,-37.93
195,-39.62
196,-40.99
197,-42.44
198,-34.88
199,-44.65
200,-46.86
201,-37.52
202,-35.28
203,-40.3
204,-41.14
205,-41.4
206,-37.11
207,-43.27
208,-37.52
209,-38.98
210,-38.94
211,-41.02
212,-41.94
213,-41.3
214,-36.56
215,-39.54
216,-39.53
217,-38.07
218,-38.04
219,-43.38
220,-44.37
221,-37.88
222,-39.09
223,-37.54
224,-43.13
225,-40.06
226,-41.94
227,-37.17
228,-44.36
229,-40.75
230,-40.88
231,-38.75
232,-37.3
233,-39.0
234,-37.44
235,-40.49
236,-39.08
237,-38.96
238,-36.64
239,-36.26
240,-36.9
241,-39.2
242,-38.08
243,-42.15
244,-38.89
245,-38.6
246,-36.03
247,-39.54
248,-36.43
249,-37.02
250,-38.87
251,-37.08
252,-34.98
253,-36.72
254,-39.45
255,-41.59
256,-35.04
257,-37.31
258,-36.49
259,-34.44
260,-37.29
261,-39.81
262,-37.13
263,-40.19
264,-35.6
265,-41.17
266,-41.42
267,-39.99
268,-42.65
269,-44.43
270,-38.59
271,-38.04
272,-38.08
273,-38.13
274,-39.61
275,-39.12
276,-35.01
277,-36.88
278,-42.21
279,-36.89
280,-37.52
281,-40.38
282,-43.08
283,-39.41
284,-39.26
285,-37.77
286,-38.23
287,-36.96
288,-34.85
289,-40.03
290,-39.3
291,-42.54
292,-39.25
293,-36.44
294,-39.43
295,-33.9
296,-45.45
297,-36.85
298,-38.33
299,-39.85
300,-34.35
301,-35.11
302,-42.06
303,-43.54
304,-35.79
305,-36.01
306,-38.72
307,-35.46
308,-37.54
309,-39.77
310,-41.96
311,-37.15
312,-33.38
313,-36.04
314,-37.41
315,-37.78
316,-42.68
317,-37.58
318,-38.49
319,-38.3
320,-41.91
321,-39.66
322,-36.65
323,-35.66
324,-40.35
325,-40.8
326,-43.21
327,-39.91
328,-38.87
329,-39.0
330,-41.28
331,-43.03
332,-36.71
333,-39.63
334,-36.81
335,-38.21
336,-42.1
337,-41.18
338,-38.33
339,-35.13
340,-43.75
341,-39.82
342,-38.93
343,-37.58
344,-40.45
345,-39.02
346,-37.12
347,-35.59
348,-40.63
349,-35.79
350,-36.06
351,-39.99
352,-41.11
353,-38.11
354,-39.0
355,-38.68
356,-42.05
357,-39.55
358,-36.74
359,-43.8
360,-39.59
361,-37.93
362,-40.3
363,-35.64
364,-42.53
365,-35.5
366,-37.75
367,-40.29
368,-35.84
369,-35.76
370,-44.35
371,-40.82
372,-38.65
373,-39.62
374,-38.7
375,-40.06
376,-39.31
377,-41.24
378,-40.84
379,-38.12
380,-39.37
381,-39.06
382,-37.37
383,-41.35
384,-41.82
385,-40.76
386,-35.62
387,-39.85
388,-36.66
389,-36.97
390,-35.77
391,-42.8
392,-38.41
393,-41.72
394,-40.15
395,-41.5
396,-40.46
397,-41.25
398,-38.12
399,-36.77
400,-40.79
401,-34.74
402,-38.68
403,-36.47
404,-37.62
405,-38.98
406,-38.12
407,-41.37
408,-39.98
409,-40.57
410,-39.73
411,-40.38
412,-46.96
413,-39.74
414,-38.82
415,-33.64
416,-39.39
417,-39.18
418,-40.58
419,-39.73
420,-44.8
421,-36.01
422,-39.88
423,-37.67
424,-37.35
425,-40.09
426,-37.59
427,-36.16
428,-37.43
429,-37.97
430,-35.4
431,-41.25
432,-39.44
433,-39.13
434,-39.51
435,-38.62
436,-38.59
437,-36.69
438,-39.73
439,-38.7
440,-43.01
441,-44.43
442,-34.27
443,-42.89
444,-39.93
445,-38.02
446,-38.36
447,-39.34
448,-39.61
449,-38.15
450,-38.08
451,-41.78
452,-44.49
453,-41.93
454,-40.53
455,-35.62
456,-40.17
457,-37.94
458,-40.61
459,-39.38
460,-42.62
461,-41.65
462,-38.91
463,-41.74
464,-37.04
465,-38.15
466,-37.7
467,-38.21
468,-38.94
469,-37.13
470,-35.66
471,-38.42
472,-43.23
473,-39.49
474,-42.51
475,-38.36
476,-43.74
477,-40.0
478,-38.85
479,-35.98
480,-39.97
481,-39.03
482,-38.68
483,-37.36
484,-41.37
485,-42.73
486,-39.07
487,-43.7
488,-38.99
489,-38.91
490,-36.77
491,-36.74
492,-44.67
493,-40.67
494,-42.0
495,-39.35
496,-41.64
497,-37.01
498,-39.34
499,-40.16
500,-42.15
501,-41.98
502,-38.93
503,-36.59
504,-40.76
505,-37.87
506,-33.28
507,-41.36
508,-34.67
509,-36.08
510,-40.07
511,-41.83
512,-38.76
513,-38.22
514,-36.17
515,-39.4
516,-37.02
517,-38.32
518,-40.85
519,-37.47
520,-37.37
521,-40.93
522,-44.22
523,-41.93
524,-37.14
525,-40.83
526,-38.51
527,-43.89
528,-38.28
529,-36.8
530,-43.15
531,-40.44
532,-44.01
533,-42.18
534,-37.76
535,-35.51
536,-39.1
537,-39.29
538,-35.26
539,-40.99
540,-41.72
541,-38.05
542,-38.08
543,-43.02
544,-39.04
545,-40.83
546,-35.31
547,-40.32
548,-38.56
549,-39.83
550,-38.58
551,-38.02
552,-39.12
553,-38.4
554,-39.91
555,-37.06
556,-38.6
557,-37.68
558,-36.5
559,-36.1
560,-40.91
561,-38.25
562,-34.27
563,-38.28
564,-39.7
565,-38.67
566,-38.69
567,-37.06
568,-38.56
569,-38.3
570,-37.82
571,-37.34
572,-40.58
573,-37.64
574,-40.45
575,-44.1
576,-37.78
577,-42.85
578,-34.22
579,-36.81
580,-38.66
581,-36.81
582,-38.17
583,-39.75
584,-33.93
585,-41.3
586,-46.45
587,-39.44
588,-39.46
589,-38.21
590,-36.62
591,-40.15
592,-38.04
593,-37.97
594,-40.58
595,-42.18
596,-41.13
597,-39.31
598,-41.21
599,-38.15
600,-36.3
601,-35.91
602,-33.69
603,-38.25
604,-40.48
605,-44.99
606,-40.26
607,-37.4
608,-36.55
609,-41.2
610,-41.01
611,-39.56
612,-42.58
613,-37.56
614,-35.74
615,-44.19
616,-34.41
617,-38.03
618,-37.87
619,-35.45
620,-38.85
621,-39.9
622,-48.25
623,-40.7
624,-39.5
625,-40.56
626,-39.01
627,-38.12
628,-39.7
629,-35.34
630,-35.19
631,-41.98
632,-37.1
633,-41.62
634,-39.49
635,-41.38
636,-39.27
637,-39.5
638,-38.63
639,-37.91
640,-39.93
641,-37.42
642,-33.36
643,-37.39
644,-35.6
645,-37.24
646,-40.57
647,-36.5
648,-41.46
649,-37.56
650,-38.33
651,-38.98
652,-39.54
653,-42.38
654,-39.03
655,-36.31
656,-38.93
657,-41.33
658,-40.13
659,-40.01
660,-38.64
661,-40.57
662,-40.28
663,-38.47
664,-40.42
665,-33.91
666,-41.56
667,-38.27
668,-35.61
669,-38.46
670,-40.86
671,-36.33
672,-34.98
673,-41.9
674,-39.92
675,-38.31
676,-39.75
677,-36.77
678,-45.24
679,-37.39
680,-39.5
681,-36.23
682,-39.87
683,-38.15
684,-40.88
685,-37.33
686,-43.49
687,-35.93
688,-37.13
689,-36.92
690,-44.39
691,-42.18
692,-38.55
693,-41.06
694,-42.85
695,-41.73
696,-44.62
697,-40.14
698,-37.57
699,-38.58
700,-37.42
701,-39.07
702,-39.13
703,-42.8
704,-43.83
705,-40.42
706,-40.34
707,-39.68
708,-38.82
709,-38.12
710,-40.44
711,-40.4
712,-39.67
713,-39.87
714,-40.82
715,-39.85
716,-38.33
717,-36.18
718,-40.24
719,-38.78
720,-36.55
721,-38.03
722,-35.48
723,-38.99
724,-38.85
725,-36.0
726,-38.19
727,-36.56
728,-32.54
729,-38.51
730,-35.56
731,-35.89
732,-40.91
733,-36.74
734,-40.05
735,-39.78
736,-41.0
737,-37.78
738,-35.42
739,-36.53
740,-42.05
741,-39.33
742,-36.15
743,-33.74
744,-38.73
745,-42.23
746,-37.67
747,-39.39
748,-41.97
749,-42.2
750,-37.11
751,-34.58
752,-37.07
753,-35.11
754,-32.65
755,-37.14
756,-37.41
757,-38.63
758,-36.4
759,-35.58
760,-41.17
761,-35.91
762,-35.2
763,-38.69
764,-33.27
765,-39.68
766,-39.91
767,-40.94
768,-35.88
769,-37.75
770,-38.04
771,-36.32
772,-34.55
773,-36.88
774,-39.12
775,-37.0
776,-38.52
777,-35.72
778,-38.2
779,-39.2
780,-35.38
781,-34.32
782,-40.52
783,-37.86
784,-38.74
785,-36.7
786,-35.18
787,-40.57
788,-35.09
789,-41.22
790,-37.8
791,-42.46
792,-36.31
793,-39.6
794,-37.87
795,-40.22
796,-38.53
797,-34.81
798,-37.33
799,-37.61
800,-33.8
801,-42.78
802,-34.59
803,-38.39
804,-40.53
805,-39.57
806,-37.61
807,-39.07
808,-40.65
809,-35.9
810,-38.3
811,-37.59
812,-38.08
813,-41.68
814,-38.59
815,-41.33
816,-41.59
817,-36.19
818,-40.28
819,-40.05
820,-40.63
821,-39.73
822,-42.03
823,-41.08
824,-40.47
825,-41.47
826,-38.35
827,-42.81
828,-38.58
829,-37.15
830,-34.57
831,-40.31
832,-43.76
833,-37.48
834,-36.19
835,-40.73
836,-41.46
837,-40.82
838,-34.33
839,-35.68
840,-37.66
841,-40.31
842,-37.12
843,-35.81
844,-39.77
845,-38.84
846,-35.66
847,-38.84
848,-38.74
849,-37.09
850,-36.85
851,-39.63
852,-39.32
853,-37.39
854,-36.67
855,-39.63
856,-38.35
857,-39.53
858,-37.76
859,-40.31
860,-34.55
861,-38.17
862,-35.25
863,-41.29
864,-41.63
865,-40.96
866,-38.18
867,-36.39
868,-39.42
869,-36.76
870,-36.64
871,-40.12
872,-42.45
873,-37.03
874,-37.01
875,-38.27
876,-40.42
877,-38.24
878,-34.73
879,-37.28
880,-36.83
881,-37.6
882,-34.47
883,-39.96
884,-38.98
885,-41.71
886,-35.1
887,-38.01
888,-38.77
889,-37.63
890,-33.45
891,-35.7
892,-38.9
893,-40.38
894,-39.17
895,-36.55
896,-39.7
897,-38.14
898,-38.77
899,-37.71
900,-37.63
901,-35.22
902,-37.26
903,-34.41
904,-39.65
905,-39.65
906,-35.53
907,-35.14
908,-36.66
909,-40.15
910,-34.79
911,-40.49
912,-38.26
913,-36.49
914,-41.39
915,-40.46
916,-38.99
917,-37.34
918,-36.61
919,-35.81
920,-42.61
921,-37.91
922,-33.59
923,-36.6
924,-35.72
925,-42.21
926,-40.17
927,-35.58
928,-37.25
929,-35.06
930,-35.15
931,-37.46
932,-37.15
933,-39.58
934,-33.9
935,-34.79
936,-38.07
937,-36.9
938,-39.59
939,-35.13
940,-36.87
941,-35.58
942,-34.98
943,-35.34
944,-39.55
945,-38.13
946,-35.75
947,-38.84
948,-39.41
949,-38.09
950,-37.62
951,-35.51
952,-41.06
953,-35.14
954,-37.32
955,-39.88
956,-33.76
957,-37.13
958,-37.53
959,-35.76
960,-34.85
961,-35.91
962,-38.44
963,-35.13
964,-33.57
965,-38.07
966,-40.92
967,-35.48
968,-34.2
969,-36.02
970,-37.79
971,-36.67
972,-35.57
973,-36.04
974,-33.9
975,-34.57
976,-36.38
977,-38.39
978,-36.29
979,-36.22
980,-38.16
981,-38.53
982,-36.76
983,-32.1
984,-36.26
985,-32.08
986,-38.43
987,-36.91
988,-38.51
989,-35.81
990,-34.56
991,-41.12
992,-36.47
993,-36.9
994,-35.73
995,-34.67
996,-37.26
997,-36.73
998,-36.16
999,-32.81
1000,-33.58
