1,-35.45
2,-37.46
3,-39.35
4,-35.3
5,-43.56
6,-37.88
7,-37.07
8,-39.4
9,-37.01
10,-35.2
11,-32.62
12,-34.97
13,-32.58
14,-35.18
15,-31.95
16,-33.2
17,-33.78
18,-31.88
19,-32.2
20,-32.98
21,-32.53
22,-34.33
23,-33.03
24,-30.71
25,-33.28
26,-33.24
27,-31.21
28,-32.42
29,-33.41
30,-31.01
31,-29.34
32,-31.53
33,-34.15
34,-29.68
35,-31.9
36,-29.78
37,-31.73
38,-29.26
39,-30.92
40,-31.87
41,-33.27
42,-29.84
43,-30.79
44,-29.89
45,-29.93
46,-31.37
47,-29.63
48,-30.26
49,-28.62
50,-30.99
51,-29.8
52,-29.42
53,-28.33
54,-28.1
55,-29.61
56,-29.06
57,-29.46
58,-28.1
59,-29.37
60,-28.56
61,-27.66
62,-26.35
63,-28.7
64,-26.24
65,-27.56
66,-25.94
67,-28.09
68,-27.62
69,-26.38
70,-26.33
71,-26.55
72,-26.5
73,-26.41
74,-25.74
75,-27.42
76,-27.08
77,-23.79
78,-25.37
79,-24.36
80,-23.77
81,-26.25
82,-26.23
83,-24.97
84,-24.75
85,-26.03
86,-25.48
87,-24.08
88,-24.44
89,-26.67
90,-24.76
91,-24.69
92,-24.87
93,-24.55
94,-24.95
95,-25.0
96,-24.42
97,-24.24
98,-24.29
99,-25.58
100,-23.96
101,-24.09
102,-23.98
103,-25.59
104,-25.24
105,-25.22
106,-24.06
107,-25.09
108,-24.56
109,-22.59
110,-24.22
111,-23.34
112,-24.56
113,-23.49
114,-23.81
115,-24.15
116,-23.85
117,-23.98
118,-22.58
119,-23.4
120,-23.02
121,-23.87
122,-23.51
123,-22.97
124,-22.74
125,-23.99
126,-22.54
127,-23.09
128,-24.09
129,-22.78
130,-23.13
131,-23.46
132,-25.61
133,-22.97
134,-23.43
135,-24.03
136,-23.77
137,-22.49
138,-22.86
139,-23.7
140,-22.45
141,-23.92
142,-24.24
143,-21.99
144,-23.69
145,-23.35
146,-22.67
147,-22.87
148,-22.7
149,-23.8
150,-22.69
151,-22.89
152,-22.74
153,-23.09
154,-24.64
155,-23.17
156,-22.51
157,-23.08
158,-22.95
159,-22.36
160,-22.68
161,-22.08
162,-22.66
163,-22.91
164,-22.7
165,-23.31
166,-23.02
167,-22.56
168,-22.33
169,-22.98
170,-23.0
171,-23.19
172,-22.44
173,-23.08
174,-22.93
175,-22.84
176,-22.55
177,-22.07
178,-22.67
179,-23.02
180,-22.48
181,-23.69
182,-23.83
183,-22.76
184,-22.41
185,-21.71
186,-23.5
187,-22.47
188,-23.75
189,-22.92
190,-23.42
191,-21.95
192,-21.88
193,-22.17
194,-23.09
195,-23.15
196,-22.82
197,-23.8
198,-23.11
199,-21.83
200,-23.79
201,-23.48
202,-22.41
203,-21.97
204,-21.75
205,-24.01
206,-22.32
207,-22.55
208,-22.88
209,-22.29
210,-22.69
211,-23.34
212,-23.01
213,-21.39
214,-23.06
215,-22.09
216,-23.16
217,-22.54
218,-23.68
219,-22.5
220,-22.42
221,-23.4
222,-22.29
223,-23.07
224,-22.98
225,-22.15
226,-22.26
227,-22.75
228,-23.09
229,-22.21
230,-22.89
231,-22.28
232,-22.1
233,-22.55
234,-22.75
235,-22.12
236,-23.01
237,-22.41
238,-22.18
239,-24.2
240,-21.97
241,-22.48
242,-21.99
243,-23.63
244,-22.56
245,-22.51
246,-22.73
247,-23.02
248,-23.33
249,-23.44
250,-22.18
251,-23.64
252,-23.58
253,-21.96
254,-22.92
255,-21.59
256,-22.24
257,-22.39
258,-22.78
259,-22.71
260,-21.65
261,-23.38
262,-22.8
263,-23.05
264,-23.34
265,-22.62
266,-22.54
267,-22.84
268,-24.01
269,-23.8
270,-22.88
271,-22.53
272,-23.54
273,-22.84
274,-22.84
275,-22.2
276,-22.2
277,-23.28
278,-23.24
279,-23.56
280,-23.22
281,-22.87
282,-22.06
283,-22.51
284,-22.65
285,-23.35
286,-21.37
287,-22.4
288,-22.63
289,-22.9
290,-22.1
291,-22.01
292,-23.5
293,-23.7
294,-22.27
295,-24.03
296,-22.99
297,-22.18
298,-22.77
299,-22.73
300,-21.81
301,-22.77
302,-21.06
303,-22.95
304,-22.95
305,-23.24
306,-21.84
307,-22.78
308,-22.18
309,-22.67
310,-23.12
311,-22.72
312,-22.35
313,-22.35
314,-22.4
315,-22.92
316,-22.44
317,-22.75
318,-21.98
319,-21.48
320,-23.46
321,-21.72
322,-22.92
323,-22.55
324,-22.41
325,-22.35
326,-21.87
327,-21.99
328,-21.56
329,-21.85
330,-22.2
331,-21.95
332,-22.36
333,-21.62
334,-21.98
335,-22.18
336,-23.49
337,-21.9
338,-22.13
339,-22.51
340,-22.0
341,-22.62
342,-21.88
343,-23.0
344,-22.54
345,-21.84
346,-22.12
347,-22.04
348,-21.77
349,-21.47
350,-22.74
351,-21.79
352,-21.91
353,-23.95
354,-23.01
355,-22.48
356,-20.68
357,-21.65
358,-22.38
359,-22.05
360,-22.14
361,-22.16
362,-22.16
363,-21.21
364,-21.44
365,-20.68
366,-22.2
367,-21.27
368,-21.84
369,-22.7
370,-21.64
371,-21.95
372,-22.12
373,-21.94
374,-21.96
375,-22.02
376,-21.92
377,-21.62
378,-22.25
379,-21.18
380,-22.2
381,-22.01
382,-22.02
383,-21.4
384,-22.88
385,-21.98
386,-21.0
387,-21.87
388,-21.2
389,-21.39
390,-21.53
391,-23.09
392,-21.86
393,-21.54
394,-22.34
395,-21.85
396,-21.78
397,-21.68
398,-20.85
399,-21.78
400,-21.16
401,-21.92
402,-20.99
403,-21.57
404,-21.28
405,-22.35
406,-22.57
407,-21.4
408,-20.99
409,-21.56
410,-21.46
411,-21.56
412,-20.68
413,-21.29
414,-22.45
415,-21.24
416,-21.91
417,-20.96
418,-23.05
419,-21.95
420,-21.17
421,-21.98
422,-21.66
423,-22.31
424,-21.17
425,-21.37
426,-20.56
427,-21.58
428,-21.76
429,-21.92
430,-20.77
431,-21.15
432,-21.05
433,-21.63
434,-20.77
435,-21.87
436,-20.99
437,-21.64
438,-21.19
439,-21.75
440,-22.6
441,-21.92
442,-21.94
443,-22.16
444,-21.3
445,-21.66
446,-21.17
447,-21.34
448,-21.59
449,-21.47
450,-22.1
451,-22.18
452,-21.06
453,-20.68
454,-21.59
455,-21.51
456,-21.65
457,-22.28
458,-20.96
459,-21.14
460,-21.19
461,-21.81
462,-22.07
463,-21.97
464,-20.67
465,-22.33
466,-20.33
467,-21.32
468,-20.97
469,-19.96
470,-21.69
471,-21.26
472,-20.89
473,-21.68
474,-21.59
475,-21.26
476,-21.5
477,-21.37
478,-22.03
479,-22.03
480,-20.4
481,-21.9
482,-20.89
483,-20.82
484,-21.0
485,-21.21
486,-21.44
487,-22.13
488,-22.09
489,-21.43
490,-20.7
491,-21.14
492,-21.64
493,-21.74
494,-21.24
495,-21.46
496,-21.28
497,-21.89
498,-21.76
499,-21.54
500,-22.28
501,-21.85
502,-21.56
503,-22.06
504,-21.91
505,-22.18
506,-21.41
507,-21.04
508,-21.88
509,-21.61
510,-20.14
511,-19.92
512,-21.17
513,-21.08
514,-20.67
515,-21.57
516,-20.59
517,-21.75
518,-20.88
519,-21.8
520,-22.08
521,-21.24
522,-22.67
523,-20.93
524,-21.17
525,-23.03
526,-22.03
527,-21.27
528,-20.84
529,-20.88
530,-21.01
531,-21.24
532,-21.48
533,-21.46
534,-21.3
535,-20.98
536,-21.9
537,-20.72
538,-21.04
539,-22.07
540,-20.71
541,-21.92
542,-21.83
543,-21.57
544,-21.59
545,-21.23
546,-20.84
547,-21.42
548,-21.61
549,-21.65
550,-21.66
551,-21.74
552,-20.52
553,-20.27
554,-21.36
555,-20.79
556,-22.21
557,-21.59
558,-21.89
559,-21.17
560,-21.84
561,-22.06
562,-20.89
563,-22.71
564,-21.05
565,-21.54
566,-21.86
567,-20.83
568,-21.99
569,-21.89
570,-22.06
571,-21.03
572,-21.55
573,-21.58
574,-21.86
575,-21.75
576,-21.6
577,-21.82
578,-21.04
579,-21.48
580,-21.26
581,-21.51
582,-21.43
583,-21.76
584,-21.38
585,-21.71
586,-20.93
587,-21.48
588,-21.66
589,-22.28
590,-21.28
591,-21.63
592,-21.46
593,-21.22
594,-21.06
595,-20.97
596,-21.36
597,-21.56
598,-21.31
599,-21.24
600,-20.88
601,-20.46
602,-21.08
603,-21.17
604,-21.66
605,-21.04
606,-22.2
607,-20.54
608,-21.19
609,-21.22
610,-21.32
611,-21.92
612,-21.14
613,-21.16
614,-20.58
615,-21.32
616,-20.54
617,-21.13
618,-21.54
619,-21.61
620,-21.2
621,-21.21
622,-22.3
623,-21.44
624,-20.46
625,-21.38
626,-21.72
627,-21.18
628,-21.38
629,-20.79
630,-21.46
631,-21.73
632,-20.92
633,-21.62
634,-22.31
635,-21.85
636,-22.27
637,-20.8
638,-21.19
639,-20.4
640,-21.38
641,-21.61
642,-21.07
643,-21.48
644,-21.26
645,-21.36
646,-21.43
647,-22.26
648,-21.0
649,-21.86
650,-21.46
651,-20.73
652,-21.21
653,-21.78
654,-21.2
655,-21.59
656,-21.65
657,-21.75
658,-21.1
659,-21.62
660,-21.38
661,-21.55
662,-22.0
663,-21.4
664,-21.67
665,-21.5
666,-22.37
667,-20.97
668,-21.03
669,-20.71
670,-20.62
671,-21.28
672,-22.15
673,-21.97
674,-21.42
675,-22.07
676,-22.14
677,-21.71
678,-21.34
679,-21.24
680,-20.45
681,-21.36
682,-21.26
683,-21.79
684,-21.47
685,-22.23
686,-20.92
687,-21.22
688,-21.07
689,-20.75
690,-21.08
691,-21.15
692,-20.59
693,-21.38
694,-21.55
695,-21.28
696,-22.15
697,-20.63
698,-20.84
699,-20.93
700,-21.35
701,-21.76
702,-20.88
703,-21.41
704,-21.47
705,-20.46
706,-21.48
707,-21.96
708,-21.38
709,-21.71
710,-21.35
711,-21.51
712,-20.96
713,-22.16
714,-20.55
715,-21.88
716,-21.2
717,-21.69
718,-20.75
719,-20.59
720,-20.75
721,-20.86
722,-21.4
723,-20.95
724,-21.88
725,-21.49
726,-22.12
727,-20.6
728,-21.48
729,-21.51
730,-20.77
731,-21.52
732,-20.5
733,-21.2
734,-21.38
735,-21.71
736,-20.48
737,-20.92
738,-21.27
739,-20.97
740,-21.39
741,-21.5
742,-20.98
743,-20.92
744,-21.55
745,-20.78
746,-21.67
747,-21.72
748,-21.32
749,-21.71
750,-21.14
751,-20.94
752,-21.83
753,-21.85
754,-21.89
755,-21.17
756,-21.54
757,-21.16
758,-21.22
759,-21.65
760,-20.88
761,-21.67
762,-21.3
763,-22.05
764,-21.43
765,-21.85
766,-21.65
767,-21.09
768,-22.23
769,-22.79
770,-20.7
771,-21.22
772,-21.34
773,-21.47
774,-20.86
775,-21.43
776,-21.39
777,-21.27
778,-20.95
779,-22.51
780,-20.92
781,-21.07
782,-21.24
783,-22.35
784,-20.62
785,-21.32
786,-20.88
787,-21.44
788,-20.77
789,-21.86
790,-20.91
791,-21.3
792,-22.06
793,-21.12
794,-20.82
795,-21.17
796,-20.88
797,-21.53
798,-22.4
799,-20.36
800,-20.86
801,-21.91
802,-20.7
803,-21.53
804,-21.34
805,-20.66
806,-21.47
807,-21.18
808,-21.35
809,-21.02
810,-21.28
811,-22.08
812,-21.72
813,-20.64
814,-20.91
815,-20.25
816,-21.05
817,-21.0
818,-21.97
819,-21.43
820,-20.73
821,-21.94
822,-20.85
823,-21.08
824,-21.03
825,-21.47
826,-21.19
827,-21.75
828,-20.74
829,-21.95
830,-20.99
831,-21.53
832,-21.38
833,-21.67
834,-22.1
835,-20.59
836,-20.98
837,-21.97
838,-22.35
839,-20.7
840,-21.73
841,-21.63
842,-21.36
843,-21.45
844,-21.19
845,-21.79
846,-21.11
847,-21.75
848,-21.11
849,-21.44
850,-20.71
851,-21.24
852,-21.63
853,-21.2
854,-21.26
855,-21.13
856,-21.28
857,-21.08
858,-21.2
859,-21.4
860,-21.93
861,-21.05
862,-21.4
863,-21.47
864,-21.01
865,-21.52
866,-21.33
867,-20.98
868,-21.4
869,-21.53
870,-21.15
871,-21.76
872,-21.36
873,-21.18
874,-22.28
875,-21.11
876,-21.29
877,-21.27
878,-21.04
879,-21.11
880,-21.55
881,-21.12
882,-22.03
883,-20.55
884,-20.95
885,-21.75
886,-21.94
887,-21.07
888,-20.85
889,-20.2
890,-20.93
891,-20.8
892,-21.74
893,-20.62
894,-21.07
895,-20.92
896,-20.85
897,-21.06
898,-20.19
899,-20.78
900,-21.49
901,-21.61
902,-22.03
903,-21.68
904,-21.59
905,-21.13
906,-23.25
907,-20.48
908,-20.61
909,-21.54
910,-21.23
911,-20.95
912,-21.05
913,-21.35
914,-21.68
915,-20.17
916,-21.06
917,-20.91
918,-21.68
919,-21.15
920,-20.89
921,-20.96
922,-20.28
923,-20.35
924,-20.91
925,-21.35
926,-21.29
927,-20.76
928,-20.96
929,-20.9
930,-21.97
931,-21.63
932,-20.97
933,-20.86
934,-21.32
935,-21.15
936,-20.18
937,-21.69
938,-21.38
939,-21.77
940,-21.8
941,-21.38
942,-21.2
943,-21.28
944,-20.84
945,-21.68
946,-21.03
947,-20.95
948,-20.99
949,-21.45
950,-21.37
951,-21.26
952,-21.74
953,-22.25
954,-21.23
955,-20.74
956,-21.9
957,-20.73
958,-20.68
959,-21.38
960,-21.24
961,-21.65
962,-20.82
963,-21.97
964,-21.33
965,-20.9
966,-21.06
967,-20.74
968,-21.25
969,-20.68
970,-21.43
971,-21.69
972,-22.19
973,-21.73
974,-20.74
975,-21.29
976,-21.64
977,-21.53
978,-20.81
979,-21.71
980,-21.93
981,-21.16
982,-21.54
983,-21.17
984,-20.78
985,-21.23
986,-21.86
987,-20.71
988,-22.2
989,-21.78
990,-20.73
991,-21.78
992,-21.86
993,-22.57
994,-21.07
995,-21.32
996,-21.07
997,-21.37
998,-21.74
999,-20.83
1000,-21.1
