1,-35.35
2,-34.18
3,-35.23
4,-36.13
5,-38.05
6,-33.79
7,-32.27
8,-33.7
9,-33.97
10,-34.79
11,-34.6
12,-35.49
13,-33.5
14,-29.98
15,-31.51
16,-31.61
17,-31.08
18,-30.15
19,-33.12
20,-34.22
21,-29.82
22,-33.08
23,-32.79
24,-31.47
25,-31.51
26,-32.56
27,-30.61
28,-34.42
29,-33.84
30,-34.87
31,-31.59
32,-33.23
33,-36.29
34,-30.21
35,-32.84
36,-32.71
37,-33.72
38,-30.3
39,-30.72
40,-30.39
41,-31.36
42,-32.04
43,-33.25
44,-33.38
45,-32.16
46,-33.29
47,-32.36
48,-30.59
49,-32.47
50,-33.04
51,-32.12
52,-31.07
53,-31.82
54,-33.05
55,-32.25
56,-31.26
57,-31.69
58,-32.73
59,-34.97
60,-30.99
61,-30.98
62,-32.55
63,-29.58
64,-29.72
65,-31.78
66,-31.89
67,-36.68
68,-35.11
69,-31.9
70,-32.75
71,-34.25
72,-33.98
73,-34.92
74,-32.11
75,-34.57
76,-31.94
77,-35.63
78,-34.86
79,-31.61
80,-34.69
81,-32.8
82,-32.84
83,-34.38
84,-37.17
85,-33.67
86,-33.8
87,-34.97
88,-34.83
89,-36.95
90,-35.93
91,-33.82
92,-34.1
93,-33.19
94,-32.23
95,-36.84
96,-32.95
97,-30.37
98,-33.09
99,-32.37
100,-32.99
101,-33.65
102,-31.28
103,-32.42
104,-33.03
105,-31.31
106,-33.41
107,-34.41
108,-32.13
109,-33.41
110,-36.78
111,-33.75
112,-32.02
113,-35.05
114,-34.29
115,-31.42
116,-33.39
117,-33.38
118,-33.27
119,-29.28
120,-32.65
121,-33.4
122,-33.06
123,-31.46
124,-32.35
125,-32.65
126,-30.8
127,-32.3
128,-34.23
129,-35.34
130,-32.33
131,-29.7
132,-31.44
133,-34.97
134,-29.0
135,-36.08
136,-36.48
137,-36.84
138,-30.44
139,-35.33
140,-33.74
141,-32.65
142,-35.38
143,-32.93
144,-32.26
145,-31.36
146,-32.55
147,-32.45
148,-31.93
149,-31.08
150,-33.74
151,-31.73
152,-35.54
153,-33.27
154,-33.54
155,-33.23
156,-32.64
157,-33.26
158,-36.86
159,-32.56
160,-33.47
161,-35.71
162,-32.9
163,-32.07
164,-33.4
165,-30.09
166,-31.4
167,-33.17
168,-35.72
169,-32.68
170,-33.82
171,-32.68
172,-33.27
173,-34.87
174,-29.62
175,-31.25
176,-34.14
177,-29.47
178,-32.65
179,-32.53
180,-33.39
181,-32.69
182,-34.33
183,-34.94
184,-36.37
185,-34.28
186,-35.57
187,-34.38
188,-29.81
189,-35.25
190,-34.84
191,-33.05
192,-36.39
193,-31.98
194,-32.81
195,-34.27
196,-34.13
197,-33.42
198,-38.14
199,-33.96
200,-38.22
201,-35.9
202,-32.26
203,-36.08
204,-35.2
205,-32.33
206,-31.22
207,-35.36
208,-36.62
209,-33.67
210,-33.89
211,-36.31
212,-35.14
213,-33.74
214,-33.16
215,-31.85
216,-34.18
217,-32.99
218,-32.12
219,-32.99
220,-35.43
221,-34.34
222,-32.55
223,-32.42
224,-35.53
225,-34.65
226,-35.68
227,-33.25
228,-32.84
229,-30.05
230,-31.56
231,-31.03
232,-33.68
233,-31.3
234,-29.23
235,-32.22
236,-35.15
237,-33.4
238,-30.84
239,-30.3
240,-32.43
241,-32.95
242,-33.83
243,-29.79
244,-33.22
245,-31.75
246,-33.02
247,-31.08
248,-33.04
249,-32.52
250,-33.49
251,-31.76
252,-30.49
253,-32.89
254,-32.2
255,-32.07
256,-32.91
257,-32.19
258,-29.59
259,-31.94
260,-34.55
261,-32.88
262,-32.6
263,-33.95
264,-32.27
265,-33.17
266,-34.89
267,-33.78
268,-30.74
269,-33.45
270,-32.11
271,-32.79
272,-32.16
273,-32.0
274,-34.24
275,-36.38
276,-32.63
277,-32.76
278,-31.84
279,-32.36
280,-30.95
281,-31.91
282,-32.06
283,-31.94
284,-33.71
285,-33.49
286,-31.58
287,-31.34
288,-32.58
289,-31.48
290,-32.98
291,-32.45
292,-31.55
293,-33.63
294,-33.94
295,-32.41
296,-34.66
297,-33.0
298,-28.29
299,-31.88
300,-33.86
301,-33.81
302,-32.58
303,-33.31
304,-33.13
305,-32.28
306,-32.49
307,-30.29
308,-33.76
309,-33.11
310,-32.63
311,-33.3
312,-33.06
313,-32.83
314,-32.9
315,-28.37
316,-32.25
317,-31.86
318,-31.09
319,-34.03
320,-34.99
321,-34.43
322,-28.17
323,-34.41
324,-33.17
325,-33.89
326,-30.03
327,-35.09
328,-32.76
329,-31.81
330,-31.17
331,-33.61
332,-32.96
333,-33.52
334,-38.11
335,-33.35
336,-32.22
337,-29.38
338,-32.64
339,-29.6
340,-33.95
341,-33.56
342,-35.25
343,-32.11
344,-31.09
345,-32.91
346,-33.16
347,-29.86
348,-31.51
349,-32.83
350,-30.41
351,-34.77
352,-31.45
353,-32.0
354,-32.27
355,-30.52
356,-32.82
357,-30.05
358,-30.49
359,-32.21
360,-30.29
361,-32.24
362,-31.68
363,-34.31
364,-33.11
365,-34.9
366,-32.38
367,-31.17
368,-31.37
369,-30.46
370,-30.29
371,-32.18
372,-33.4
373,-32.7
374,-29.02
375,-30.4
376,-31.86
377,-29.93
378,-33.39
379,-31.49
380,-34.14
381,-33.18
382,-31.69
383,-32.94
384,-32.85
385,-30.28
386,-32.24
387,-31.2
388,-33.59
389,-32.44
390,-33.84
391,-33.24
392,-32.02
393,-33.32
394,-32.23
395,-32.39
396,-31.72
397,-30.53
398,-34.27
399,-32.14
400,-34.71
401,-35.41
402,-31.64
403,-33.11
404,-34.26
405,-34.17
406,-36.04
407,-32.71
408,-31.34
409,-35.15
410,-30.44
411,-31.03
412,-33.09
413,-35.02
414,-31.03
415,-33.17
416,-35.67
417,-34.87
418,-32.17
419,-30.45
420,-30.24
421,-33.95
422,-30.27
423,-32.94
424,-32.42
425,-30.14
426,-31.31
427,-33.85
428,-30.99
429,-33.53
430,-32.29
431,-32.48
432,-31.54
433,-32.41
434,-32.09
435,-33.71
436,-33.15
437,-30.14
438,-36.43
439,-32.88
440,-30.21
441,-32.25
442,-34.54
443,-32.52
444,-34.02
445,-34.84
446,-32.21
447,-33.8
448,-34.19
449,-35.74
450,-35.52
451,-35.07
452,-34.21
453,-35.86
454,-34.52
455,-33.63
456,-35.9
457,-37.21
458,-32.51
459,-31.64
460,-33.03
461,-35.06
462,-34.4
463,-33.04
464,-33.22
465,-36.58
466,-31.46
467,-31.95
468,-33.97
469,-34.43
470,-35.94
471,-33.82
472,-32.96
473,-33.87
474,-33.37
475,-33.59
476,-33.76
477,-34.57
478,-31.78
479,-33.54
480,-33.38
481,-34.37
482,-33.36
483,-33.47
484,-33.42
485,-32.06
486,-31.84
487,-36.55
488,-30.76
489,-32.82
490,-33.59
491,-31.24
492,-35.59
493,-35.23
494,-37.01
495,-32.23
496,-32.5
497,-33.43
498,-33.64
499,-36.52
500,-35.05
501,-33.82
502,-33.19
503,-32.46
504,-31.63
505,-34.28
506,-32.37
507,-35.68
508,-35.29
509,-35.42
510,-35.43
511,-36.55
512,-33.12
513,-34.0
514,-31.94
515,-33.43
516,-35.15
517,-33.39
518,-31.31
519,-36.53
520,-32.07
521,-34.54
522,-34.91
523,-34.66
524,-32.62
525,-34.24
526,-32.56
527,-30.66
528,-31.03
529,-34.0
530,-36.67
531,-33.03
532,-32.98
533,-37.45
534,-33.51
535,-33.06
536,-33.25
537,-35.03
538,-35.02
539,-32.9
540,-32.4
541,-33.66
542,-35.33
543,-32.19
544,-36.84
545,-35.15
546,-36.33
547,-35.74
548,-34.03
549,-34.58
550,-34.01
551,-34.37
552,-39.99
553,-34.92
554,-33.23
555,-33.37
556,-36.8
557,-34.99
558,-32.22
559,-32.24
560,-29.83
561,-36.78
562,-29.46
563,-37.04
564,-34.16
565,-34.03
566,-35.65
567,-33.24
568,-36.49
569,-37.2
570,-35.89
571,-33.71
572,-35.55
573,-33.99
574,-34.67
575,-37.51
576,-33.04
577,-35.54
578,-35.79
579,-33.34
580,-32.65
581,-36.15
582,-32.36
583,-32.93
584,-32.8
585,-35.83
586,-34.72
587,-35.57
588,-32.49
589,-33.19
590,-32.16
591,-30.87
592,-36.25
593,-31.6
594,-33.34
595,-38.01
596,-36.47
597,-33.36
598,-37.18
599,-32.36
600,-34.93
601,-33.86
602,-34.98
603,-34.34
604,-36.78
605,-34.43
606,-35.49
607,-32.95
608,-30.7
609,-36.33
610,-32.12
611,-33.12
612,-31.96
613,-31.58
614,-35.43
615,-31.91
616,-33.95
617,-34.73
618,-34.29
619,-35.02
620,-35.52
621,-35.07
622,-32.21
623,-34.82
624,-34.96
625,-32.29
626,-33.39
627,-33.11
628,-31.29
629,-32.84
630,-35.91
631,-31.93
632,-34.22
633,-35.57
634,-36.0
635,-37.37
636,-36.6
637,-31.48
638,-35.39
639,-38.76
640,-34.69
641,-34.22
642,-32.7
643,-35.28
644,-35.64
645,-35.91
646,-33.86
647,-31.89
648,-33.78
649,-34.11
650,-32.3
651,-35.46
652,-34.57
653,-34.6
654,-35.0
655,-33.15
656,-36.64
657,-36.94
658,-32.97
659,-33.9
660,-37.13
661,-32.75
662,-33.68
663,-35.1
664,-31.64
665,-32.41
666,-39.58
667,-32.28
668,-33.13
669,-31.49
670,-33.12
671,-31.79
672,-30.14
673,-34.24
674,-34.86
675,-33.74
676,-35.55
677,-32.79
678,-34.44
679,-31.97
680,-29.82
681,-33.98
682,-34.27
683,-32.36
684,-33.28
685,-33.95
686,-33.01
687,-33.14
688,-32.04
689,-35.76
690,-34.96
691,-33.92
692,-30.7
693,-33.25
694,-31.82
695,-31.12
696,-32.01
697,-34.0
698,-32.84
699,-32.84
700,-32.33
701,-31.39
702,-35.84
703,-32.91
704,-36.08
705,-32.93
706,-34.58
707,-34.44
708,-35.11
709,-32.03
710,-31.7
711,-34.42
712,-31.65
713,-36.06
714,-32.32
715,-32.35
716,-34.85
717,-33.34
718,-34.67
719,-33.28
720,-32.57
721,-34.11
722,-31.89
723,-34.97
724,-35.08
725,-34.39
726,-32.21
727,-35.78
728,-36.77
729,-31.07
730,-30.58
731,-36.11
732,-35.85
733,-32.42
734,-33.14
735,-31.47
736,-34.42
737,-30.31
738,-34.73
739,-32.35
740,-34.11
741,-35.14
742,-33.9
743,-32.62
744,-33.02
745,-34.42
746,-32.84
747,-33.84
748,-34.3
749,-30.39
750,-33.7
751,-30.66
752,-33.28
753,-32.66
754,-34.04
755,-31.79
756,-34.49
757,-35.49
758,-34.09
759,-33.67
760,-35.17
761,-32.42
762,-33.0
763,-36.7
764,-34.0
765,-31.72
766,-31.66
767,-30.54
768,-32.2
769,-36.78
770,-32.94
771,-32.37
772,-32.06
773,-32.41
774,-32.33
775,-32.02
776,-32.11
777,-30.67
778,-30.86
779,-30.65
780,-34.22
781,-29.78
782,-32.97
783,-29.78
784,-32.62
785,-31.33
786,-29.2
787,-35.76
788,-34.47
789,-33.22
790,-32.65
791,-35.82
792,-32.6
793,-32.73
794,-32.25
795,-34.24
796,-33.19
797,-32.24
798,-31.61
799,-31.31
800,-34.11
801,-32.66
802,-32.62
803,-30.68
804,-30.54
805,-30.37
806,-32.16
807,-31.8
808,-30.65
809,-32.29
810,-34.57
811,-33.15
812,-29.98
813,-32.61
814,-32.96
815,-30.73
816,-32.77
817,-31.14
818,-33.05
819,-33.83
820,-33.12
821,-33.65
822,-34.89
823,-34.08
824,-33.37
825,-31.91
826,-31.9
827,-32.53
828,-32.42
829,-33.21
830,-33.87
831,-30.63
832,-32.09
833,-31.9
834,-33.95
835,-31.61
836,-28.9
837,-29.68
838,-30.04
839,-31.93
840,-31.71
841,-34.57
842,-32.62
843,-32.62
844,-31.3
845,-32.2
846,-32.63
847,-30.66
848,-30.87
849,-33.48
850,-30.6
851,-30.67
852,-31.63
853,-31.71
854,-31.57
855,-32.04
856,-31.11
857,-30.66
858,-32.88
859,-32.71
860,-34.44
861,-31.14
862,-31.37
863,-35.28
864,-30.84
865,-30.42
866,-32.59
867,-31.91
868,-32.59
869,-34.45
870,-32.14
871,-30.7
872,-31.22
873,-30.67
874,-33.58
875,-30.72
876,-32.95
877,-30.95
878,-28.62
879,-33.68
880,-31.99
881,-30.15
882,-32.22
883,-30.39
884,-30.54
885,-31.43
886,-29.58
887,-30.17
888,-33.13
889,-33.31
890,-31.34
891,-33.12
892,-28.39
893,-31.16
894,-32.28
895,-32.55
896,-31.44
897,-32.91
898,-31.54
899,-30.88
900,-30.83
901,-28.32
902,-34.5
903,-30.34
904,-31.56
905,-29.98
906,-27.59
907,-29.93
908,-34.49
909,-31.32
910,-30.26
911,-32.09
912,-32.29
913,-32.7
914,-31.53
915,-30.73
916,-31.08
917,-30.78
918,-32.98
919,-31.78
920,-30.73
921,-32.86
922,-34.57
923,-35.73
924,-29.79
925,-31.09
926,-31.69
927,-31.21
928,-32.51
929,-31.37
930,-35.13
931,-31.16
932,-34.15
933,-31.81
934,-32.61
935,-33.28
936,-35.99
937,-33.57
938,-33.26
939,-31.01
940,-32.07
941,-34.73
942,-30.64
943,-29.9
944,-30.47
945,-31.73
946,-32.68
947,-33.5
948,-33.75
949,-31.14
950,-31.96
951,-32.85
952,-33.38
953,-30.92
954,-30.83
955,-32.25
956,-33.53
957,-32.87
958,-33.62
959,-34.1
960,-31.94
961,-31.17
962,-32.18
963,-32.15
964,-30.65
965,-32.13
966,-32.43
967,-34.61
968,-33.06
969,-31.37
970,-35.4
971,-30.36
972,-34.5
973,-34.35
974,-33.63
975,-33.52
976,-34.93
977,-32.7
978,-31.5
979,-33.14
980,-34.21
981,-31.1
982,-31.36
983,-30.38
984,-31.98
985,-30.85
986,-33.52
987,-35.17
988,-30.68
989,-29.96
990,-29.48
991,-30.97
992,-31.98
993,-30.63
994,-31.28
995,-32.54
996,-32.23
997,-30.18
998,-32.96
999,-30.45
1000,-27.88
