1,-33.65
2,-35.75
3,-33.31
4,-30.83
5,-31.67
6,-31.53
7,-30.34
8,-32.11
9,-31.98
10,-34.46
11,-33.64
12,-31.42
13,-31.93
14,-29.91
15,-34.39
16,-34.48
17,-30.53
18,-31.17
19,-32.2
20,-33.67
21,-31.49
22,-28.04
23,-34.02
24,-32.34
25,-31.55
26,-31.62
27,-33.72
28,-33.06
29,-32.91
30,-32.77
31,-34.47
32,-34.14
33,-31.64
34,-34.25
35,-35.11
36,-34.58
37,-33.3
38,-33.39
39,-32.35
40,-33.28
41,-31.69
42,-35.18
43,-31.59
44,-34.63
45,-33.91
46,-30.29
47,-32.68
48,-33.15
49,-31.6
50,-29.62
51,-30.98
52,-33.04
53,-31.33
54,-31.53
55,-30.51
56,-32.57
57,-31.68
58,-34.58
59,-31.28
60,-30.16
61,-29.61
62,-30.76
63,-29.63
64,-30.16
65,-29.62
66,-30.58
67,-29.34
68,-30.45
69,-29.72
70,-29.81
71,-31.62
72,-31.81
73,-30.62
74,-28.58
75,-32.12
76,-29.45
77,-32.85
78,-30.51
79,-32.12
80,-31.59
81,-31.91
82,-31.64
83,-30.86
84,-28.4
85,-30.49
86,-29.24
87,-28.67
88,-33.41
89,-34.23
90,-34.09
91,-33.95
92,-31.05
93,-32.43
94,-30.87
95,-31.08
96,-32.82
97,-30.71
98,-31.04
99,-31.51
100,-31.63
101,-30.73
102,-30.03
103,-29.27
104,-32.53
105,-28.32
106,-27.87
107,-29.98
108,-32.41
109,-32.99
110,-32.16
111,-30.75
112,-27.71
113,-31.9
114,-31.31
115,-29.07
116,-32.6
117,-31.08
118,-30.03
119,-30.62
120,-31.77
121,-32.66
122,-30.1
123,-30.67
124,-32.39
125,-32.54
126,-31.6
127,-31.53
128,-32.51
129,-29.87
130,-33.9
131,-32.06
132,-32.83
133,-31.34
134,-31.1
135,-31.62
136,-32.32
137,-28.88
138,-32.85
139,-29.36
140,-31.91
141,-31.53
142,-31.21
143,-32.12
144,-33.23
145,-31.46
146,-31.68
147,-33.41
148,-30.03
149,-30.0
150,-32.59
151,-31.2
152,-29.89
153,-31.56
154,-33.4
155,-28.7
156,-30.22
157,-28.65
158,-31.45
159,-33.99
160,-34.84
161,-31.07
162,-31.3
163,-31.61
164,-30.22
165,-30.25
166,-32.15
167,-29.85
168,-29.93
169,-29.02
170,-30.4
171,-32.09
172,-29.61
173,-31.5
174,-29.61
175,-29.96
176,-31.4
177,-29.6
178,-32.46
179,-30.48
180,-29.51
181,-33.02
182,-29.61
183,-31.44
184,-33.54
185,-30.13
186,-30.48
187,-29.94
188,-31.47
189,-32.06
190,-33.2
191,-30.33
192,-30.42
193,-31.93
194,-31.65
195,-30.04
196,-29.38
197,-29.49
198,-33.43
199,-30.76
200,-30.27
201,-29.61
202,-31.61
203,-32.96
204,-31.73
205,-33.2
206,-33.37
207,-31.69
208,-31.61
209,-32.86
210,-35.23
211,-30.68
212,-30.98
213,-30.16
214,-30.73
215,-30.63
216,-31.34
217,-32.85
218,-29.81
219,-31.43
220,-30.52
221,-32.47
222,-31.1
223,-31.13
224,-31.67
225,-29.99
226,-28.82
227,-30.46
228,-30.93
229,-31.73
230,-30.71
231,-29.98
232,-30.14
233,-33.97
234,-31.44
235,-32.28
236,-32.18
237,-28.49
238,-29.46
239,-31.09
240,-32.54
241,-30.54
242,-30.2
243,-32.03
244,-27.56
245,-30.61
246,-30.16
247,-32.41
248,-28.68
249,-31.26
250,-29.07
251,-30.76
252,-31.9
253,-31.46
254,-28.16
255,-31.88
256,-32.48
257,-30.73
258,-32.43
259,-32.29
260,-31.32
261,-29.56
262,-31.89
263,-27.64
264,-27.97
265,-30.55
266,-29.61
267,-32.92
268,-29.89
269,-29.74
270,-29.52
271,-31.09
272,-32.82
273,-31.71
274,-30.17
275,-31.17
276,-30.94
277,-30.8
278,-29.91
279,-30.63
280,-30.3
281,-32.12
282,-31.47
283,-30.73
284,-28.14
285,-30.58
286,-31.44
287,-32.29
288,-29.9
289,-30.37
290,-31.32
291,-29.31
292,-30.11
293,-32.95
294,-31.64
295,-30.2
296,-31.58
297,-30.92
298,-29.65
299,-33.27
300,-32.85
301,-30.43
302,-31.61
303,-30.31
304,-31.79
305,-32.33
306,-32.5
307,-31.59
308,-32.63
309,-30.58
310,-30.32
311,-28.81
312,-31.74
313,-33.44
314,-30.44
315,-32.8
316,-32.45
317,-32.24
318,-30.1
319,-31.46
320,-30.49
321,-31.48
322,-28.74
323,-27.25
324,-31.59
325,-29.43
326,-28.98
327,-29.75
328,-30.54
329,-31.95
330,-29.93
331,-29.15
332,-30.73
333,-30.08
334,-29.74
335,-29.92
336,-31.53
337,-29.61
338,-30.0
339,-29.67
340,-30.86
341,-32.49
342,-32.4
343,-31.13
344,-28.35
345,-28.95
346,-29.78
347,-31.37
348,-29.23
349,-30.41
350,-30.57
351,-30.71
352,-31.15
353,-33.25
354,-29.5
355,-29.75
356,-30.17
357,-31.15
358,-29.49
359,-31.88
360,-28.25
361,-29.36
362,-30.71
363,-30.12
364,-29.84
365,-31.26
366,-29.94
367,-31.46
368,-33.56
369,-30.98
370,-29.47
371,-34.1
372,-31.58
373,-28.02
374,-33.84
375,-30.76
376,-29.05
377,-28.63
378,-28.89
379,-32.69
380,-31.44
381,-29.33
382,-32.5
383,-30.84
384,-30.15
385,-28.52
386,-27.94
387,-30.55
388,-31.1
389,-29.97
390,-33.43
391,-29.82
392,-31.89
393,-32.61
394,-29.56
395,-30.37
396,-29.69
397,-31.4
398,-31.05
399,-32.83
400,-26.52
401,-31.33
402,-29.22
403,-33.88
404,-31.68
405,-30.13
406,-31.19
407,-30.73
408,-28.78
409,-31.12
410,-32.56
411,-27.82
412,-30.13
413,-29.69
414,-31.19
415,-28.68
416,-31.26
417,-30.8
418,-30.67
419,-29.68
420,-29.66
421,-29.21
422,-30.41
423,-28.88
424,-33.76
425,-28.99
426,-30.96
427,-31.1
428,-30.84
429,-34.76
430,-30.84
431,-27.36
432,-28.06
433,-30.88
434,-32.88
435,-29.97
436,-31.25
437,-30.65
438,-29.58
439,-31.12
440,-29.15
441,-31.84
442,-32.66
443,-30.55
444,-32.33
445,-31.61
446,-30.93
447,-34.37
448,-33.08
449,-32.03
450,-29.34
451,-32.66
452,-34.62
453,-34.35
454,-31.69
455,-32.7
456,-28.94
457,-32.54
458,-30.76
459,-30.15
460,-31.05
461,-33.25
462,-33.22
463,-33.38
464,-30.59
465,-32.21
466,-31.19
467,-29.84
468,-32.62
469,-32.58
470,-32.76
471,-33.82
472,-32.58
473,-31.94
474,-29.38
475,-29.4
476,-32.42
477,-31.55
478,-29.5
479,-34.71
480,-34.25
481,-33.02
482,-32.74
483,-31.99
484,-29.3
485,-31.53
486,-29.13
487,-31.89
488,-32.04
489,-33.51
490,-31.51
491,-29.9
492,-31.86
493,-31.92
494,-29.84
495,-30.5
496,-31.73
497,-30.65
498,-31.13
499,-30.21
500,-28.81
501,-30.8
502,-31.97
503,-34.2
504,-29.7
505,-31.96
506,-28.23
507,-31.59
508,-33.6
509,-33.6
510,-32.99
511,-30.53
512,-33.56
513,-32.51
514,-29.36
515,-30.94
516,-32.94
517,-31.94
518,-31.17
519,-29.4
520,-33.0
521,-35.77
522,-33.96
523,-33.89
524,-32.35
525,-33.66
526,-29.21
527,-32.15
528,-32.07
529,-36.17
530,-34.24
531,-32.84
532,-30.87
533,-33.4
534,-29.94
535,-30.98
536,-30.73
537,-33.27
538,-31.21
539,-31.94
540,-34.16
541,-30.8
542,-30.78
543,-32.28
544,-31.27
545,-35.34
546,-32.61
547,-32.93
548,-32.27
549,-31.33
550,-30.12
551,-32.01
552,-34.22
553,-31.95
554,-33.88
555,-33.74
556,-31.83
557,-34.16
558,-31.33
559,-29.02
560,-34.38
561,-33.66
562,-33.05
563,-34.71
564,-33.62
565,-31.89
566,-32.24
567,-31.9
568,-31.72
569,-31.26
570,-31.8
571,-34.44
572,-30.68
573,-33.84
574,-30.22
575,-32.35
576,-31.25
577,-31.44
578,-31.11
579,-32.64
580,-32.83
581,-35.02
582,-31.41
583,-33.81
584,-33.47
585,-32.34
586,-32.34
587,-32.77
588,-34.86
589,-33.47
590,-28.69
591,-33.2
592,-32.87
593,-34.71
594,-30.93
595,-32.97
596,-31.35
597,-32.29
598,-33.13
599,-34.44
600,-34.98
601,-30.94
602,-32.78
603,-28.95
604,-33.72
605,-31.98
606,-31.31
607,-31.72
608,-33.24
609,-33.38
610,-33.27
611,-31.52
612,-33.49
613,-31.1
614,-33.67
615,-33.19
616,-33.92
617,-31.87
618,-32.78
619,-32.77
620,-28.53
621,-32.09
622,-33.92
623,-32.62
624,-31.6
625,-32.28
626,-33.18
627,-30.91
628,-30.98
629,-33.17
630,-31.8
631,-30.4
632,-29.67
633,-31.77
634,-31.88
635,-31.84
636,-29.65
637,-32.8
638,-32.12
639,-32.52
640,-31.23
641,-29.38
642,-30.07
643,-33.31
644,-32.17
645,-30.65
646,-35.01
647,-31.62
648,-35.37
649,-32.43
650,-30.56
651,-29.17
652,-32.4
653,-33.21
654,-30.88
655,-33.06
656,-31.15
657,-33.34
658,-31.9
659,-29.58
660,-31.43
661,-29.85
662,-30.89
663,-30.07
664,-27.95
665,-28.34
666,-31.9
667,-31.29
668,-30.47
669,-31.53
670,-31.07
671,-29.89
672,-30.61
673,-31.53
674,-29.63
675,-29.92
676,-32.61
677,-31.51
678,-30.93
679,-30.33
680,-32.15
681,-28.78
682,-30.24
683,-31.17
684,-31.9
685,-30.21
686,-29.43
687,-31.8
688,-32.61
689,-32.35
690,-32.69
691,-29.96
692,-31.61
693,-31.89
694,-30.57
695,-30.83
696,-30.26
697,-31.42
698,-30.16
699,-30.24
700,-30.23
701,-31.13
702,-32.62
703,-28.5
704,-30.49
705,-31.6
706,-29.44
707,-30.55
708,-30.83
709,-31.89
710,-31.55
711,-31.42
712,-29.43
713,-31.46
714,-31.8
715,-30.27
716,-33.63
717,-32.58
718,-29.91
719,-30.2
720,-30.7
721,-32.67
722,-32.1
723,-31.13
724,-32.74
725,-30.37
726,-30.96
727,-32.09
728,-33.2
729,-29.8
730,-30.97
731,-31.76
732,-28.63
733,-29.43
734,-30.91
735,-30.26
736,-30.67
737,-31.31
738,-32.1
739,-29.37
740,-30.77
741,-32.16
742,-30.59
743,-31.92
744,-30.7
745,-29.64
746,-29.93
747,-31.01
748,-33.44
749,-30.9
750,-31.44
751,-29.97
752,-31.17
753,-28.62
754,-29.09
755,-33.15
756,-29.41
757,-29.97
758,-30.89
759,-32.22
760,-29.09
761,-31.57
762,-30.1
763,-29.77
764,-28.48
765,-30.25
766,-31.08
767,-30.43
768,-29.94
769,-30.03
770,-28.73
771,-30.07
772,-33.71
773,-33.76
774,-28.75
775,-33.22
776,-30.52
777,-29.04
778,-30.99
779,-32.07
780,-32.01
781,-30.29
782,-28.81
783,-29.79
784,-31.12
785,-34.09
786,-31.83
787,-30.51
788,-28.95
789,-31.5
790,-31.33
791,-30.54
792,-30.25
793,-31.96
794,-30.2
795,-29.4
796,-28.15
797,-29.99
798,-30.26
799,-30.31
800,-30.3
801,-32.5
802,-29.44
803,-30.39
804,-33.95
805,-33.3
806,-29.3
807,-28.12
808,-31.19
809,-28.69
810,-31.69
811,-28.55
812,-30.79
813,-29.75
814,-28.01
815,-29.05
816,-32.78
817,-31.85
818,-30.85
819,-29.67
820,-34.83
821,-28.9
822,-30.22
823,-29.82
824,-29.91
825,-30.21
826,-32.17
827,-31.38
828,-28.15
829,-31.63
830,-30.62
831,-32.05
832,-29.99
833,-34.7
834,-31.39
835,-30.64
836,-30.88
837,-29.53
838,-30.02
839,-32.9
840,-31.07
841,-31.94
842,-30.15
843,-30.35
844,-29.54
845,-32.29
846,-31.26
847,-30.55
848,-32.71
849,-31.09
850,-31.48
851,-31.24
852,-32.47
853,-33.12
854,-33.37
855,-33.55
856,-32.84
857,-30.06
858,-32.07
859,-31.63
860,-32.08
861,-30.4
862,-31.86
863,-31.81
864,-31.0
865,-34.65
866,-30.74
867,-31.87
868,-29.45
869,-30.33
870,-33.08
871,-32.2
872,-33.08
873,-32.32
874,-29.03
875,-32.49
876,-33.5
877,-31.27
878,-30.72
879,-30.46
880,-33.2
881,-29.26
882,-27.73
883,-32.78
884,-30.17
885,-33.26
886,-32.94
887,-29.54
888,-31.53
889,-32.92
890,-30.53
891,-31.76
892,-29.66
893,-29.19
894,-27.45
895,-31.35
896,-31.68
897,-33.28
898,-33.03
899,-28.87
900,-35.01
901,-30.63
902,-30.4
903,-31.68
904,-29.55
905,-31.02
906,-31.27
907,-30.81
908,-31.63
909,-32.93
910,-34.02
911,-32.68
912,-33.11
913,-29.71
914,-30.08
915,-29.2
916,-30.18
917,-28.97
918,-29.82
919,-31.04
920,-31.26
921,-30.36
922,-31.67
923,-28.08
924,-31.66
925,-32.4
926,-31.07
927,-31.16
928,-31.71
929,-29.88
930,-30.05
931,-29.58
932,-30.81
933,-31.28
934,-31.81
935,-31.85
936,-30.53
937,-32.03
938,-32.7
939,-31.37
940,-34.03
941,-32.04
942,-30.38
943,-32.53
944,-30.85
945,-32.1
946,-30.74
947,-30.72
948,-34.63
949,-32.15
950,-29.78
951,-31.43
952,-29.95
953,-30.97
954,-29.97
955,-30.05
956,-30.35
957,-30.91
958,-30.47
959,-30.64
960,-29.94
961,-30.09
962,-29.46
963,-33.24
964,-29.69
965,-28.89
966,-29.1
967,-30.86
968,-31.14
969,-33.79
970,-32.41
971,-30.88
972,-28.46
973,-30.72
974,-32.63
975,-32.45
976,-30.92
977,-29.47
978,-30.23
979,-30.61
980,-32.21
981,-31.61
982,-32.24
983,-31.6
984,-30.18
985,-32.4
986,-32.05
987,-30.36
988,-30.18
989,-31.18
990,-32.19
991,-29.96
992,-28.43
993,-29.12
994,-33.29
995,-30.04
996,-35.04
997,-30.63
998,-32.43
999,-30.39
1000,-31.55
