1,-36.003
2,-36.4
3,-37.024
4,-36.411
5,-36.151
6,-35.416
7,-36.893
8,-35.664
9,-35.675
10,-35.162
11,-35.563
12,-36.085
13,-34.872
14,-35.881
15,-35.101
16,-35.234
17,-35.24
18,-35.648
19,-35.759
20,-34.659
21,-34.764
22,-35.009
23,-36.135
24,-34.331
25,-34.689
26,-35.688
27,-35.443
28,-35.147
29,-34.878
30,-34.291
31,-35.462
32,-34.733
33,-35.081
34,-35.697
35,-34.725
36,-34.459
37,-34.366
38,-35.173
39,-35.742
40,-35.008
41,-34.721
42,-33.916
43,-33.993
44,-34.407
45,-34.433
46,-34.349
47,-33.638
48,-34.231
49,-34.295
50,-34.832
51,-34.732
52,-34.773
53,-33.996
54,-33.953
55,-33.448
56,-34.365
57,-35.159
58,-34.754
59,-35.187
60,-34.078
61,-34.474
62,-33.88
63,-33.861
64,-33.362
65,-34.02
66,-33.929
67,-33.84
68,-33.997
69,-33.934
70,-34.647
71,-34.367
72,-33.839
73,-34.132
74,-33.635
75,-34.325
76,-33.694
77,-33.721
78,-33.711
79,-34.23
80,-33.628
81,-33.778
82,-34.579
83,-34.085
84,-34.215
85,-34.188
86,-33.767
87,-34.056
88,-33.847
89,-33.419
90,-33.847
91,-33.09
92,-33.355
93,-33.567
94,-33.005
95,-33.796
96,-33.277
97,-33.545
98,-33.327
99,-32.98
100,-33.273
101,-32.974
102,-34.108
103,-33.275
104,-33.284
105,-32.902
106,-32.541
107,-33.576
108,-32.868
109,-33.117
110,-33.207
111,-33.375
112,-33.418
113,-33.424
114,-32.848
115,-32.785
116,-33.133
117,-33.177
118,-33.193
119,-32.927
120,-32.648
121,-33.09
122,-33.049
123,-33.159
124,-33.061
125,-33.062
126,-33.052
127,-32.868
128,-32.471
129,-33.093
130,-33.182
131,-33.007
132,-31.731
133,-32.115
134,-32.295
135,-31.928
136,-32.585
137,-32.22
138,-32.846
139,-32.109
140,-32.518
141,-32.84
142,-32.806
143,-32.372
144,-32.97
145,-32.118
146,-32.679
147,-32.617
148,-32.231
149,-33.352
150,-32.177
151,-32.418
152,-32.322
153,-32.503
154,-32.04
155,-31.641
156,-32.004
157,-32.295
158,-32.112
159,-31.906
160,-31.944
161,-32.113
162,-30.992
163,-31.895
164,-31.625
165,-32.57
166,-32.014
167,-32.063
168,-32.16
169,-32.114
170,-31.867
171,-31.806
172,-31.877
173,-31.938
174,-31.958
175,-31.662
176,-31.59
177,-31.853
178,-31.891
179,-31.471
180,-31.469
181,-31.799
182,-31.913
183,-31.437
184,-31.8
185,-31.913
186,-31.859
187,-31.632
188,-31.712
189,-31.51
190,-31.836
191,-31.3
192,-31.347
193,-31.465
194,-30.643
195,-30.532
196,-31.372
197,-31.385
198,-31.542
199,-30.455
200,-31.901
201,-31.226
202,-30.911
203,-31.458
204,-31.044
205,-30.98
206,-30.774
207,-31.489
208,-31.497
209,-31.24
210,-30.096
211,-31.485
212,-31.447
213,-31.654
214,-31.135
215,-30.864
216,-31.358
217,-31.336
218,-31.185
219,-31.124
220,-31.161
221,-30.939
222,-31.076
223,-30.844
224,-30.487
225,-30.697
226,-31.227
227,-30.575
228,-30.762
229,-30.521
230,-31.311
231,-30.892
232,-30.482
233,-30.807
234,-30.939
235,-30.263
236,-30.188
237,-30.982
238,-30.188
239,-30.407
240,-30.33
241,-30.205
242,-30.152
243,-30.043
244,-31.293
245,-29.65
246,-30.222
247,-30.802
248,-30.386
249,-30.609
250,-30.374
251,-30.626
252,-29.593
253,-29.542
254,-30.246
255,-30.484
256,-30.892
257,-30.446
258,-30.157
259,-30.118
260,-30.18
261,-30.29
262,-29.416
263,-30.145
264,-29.358
265,-29.661
266,-30.259
267,-30.285
268,-30.197
269,-30.262
270,-30.262
271,-30.256
272,-29.486
273,-30.127
274,-29.418
275,-29.708
276,-30.103
277,-30.247
278,-29.748
279,-29.128
280,-29.568
281,-29.797
282,-30.065
283,-29.468
284,-29.622
285,-29.664
286,-29.742
287,-30.036
288,-29.203
289,-29.307
290,-29.587
291,-29.243
292,-29.733
293,-29.082
294,-28.882
295,-29.498
296,-29.618
297,-29.775
298,-29.871
299,-29.566
300,-29.43
301,-29.015
302,-29.372
303,-29.544
304,-28.854
305,-29.748
306,-28.621
307,-28.874
308,-29.216
309,-28.85
310,-28.932
311,-29.301
312,-28.886
313,-28.941
314,-29.433
315,-28.954
316,-28.965
317,-29.343
318,-28.676
319,-29.018
320,-28.619
321,-29.061
322,-29.047
323,-29.356
324,-29.182
325,-28.805
326,-28.769
327,-29.41
328,-28.522
329,-28.748
330,-28.482
331,-28.523
332,-28.85
333,-28.348
334,-28.521
335,-28.119
336,-28.455
337,-28.546
338,-28.778
339,-28.045
340,-28.631
341,-28.543
342,-28.286
343,-28.361
344,-28.814
345,-27.672
346,-28.41
347,-28.219
348,-28.509
349,-28.275
350,-27.918
351,-27.989
352,-28.821
353,-28.779
354,-28.572
355,-28.022
356,-28.551
357,-28.09
358,-28.083
359,-28.577
360,-28.027
361,-27.991
362,-28.091
363,-28.258
364,-27.731
365,-27.914
366,-27.745
367,-27.825
368,-27.788
369,-27.77
370,-27.709
371,-27.619
372,-28.304
373,-27.971
374,-27.526
375,-28.144
376,-27.736
377,-28.021
378,-27.632
379,-28.163
380,-27.784
381,-27.496
382,-28.305
383,-27.526
384,-27.829
385,-27.174
386,-28.062
387,-27.575
388,-28.28
389,-27.151
390,-27.265
391,-27.274
392,-27.876
393,-27.434
394,-27.664
395,-27.569
396,-27.304
397,-27.854
398,-27.719
399,-27.234
400,-27.126
401,-27.986
402,-27.221
403,-27.254
404,-27.368
405,-27.332
406,-27.175
407,-27.231
408,-27.269
409,-27.527
410,-27.157
411,-26.563
412,-27.271
413,-26.689
414,-27.215
415,-26.941
416,-26.924
417,-27.328
418,-27.291
419,-27.569
420,-27.285
421,-27.485
422,-26.96
423,-27.083
424,-27.288
425,-26.921
426,-26.78
427,-27.563
428,-26.802
429,-26.852
430,-27.308
431,-27.09
432,-27.08
433,-26.825
434,-26.359
435,-26.617
436,-26.794
437,-27.102
438,-26.321
439,-26.556
440,-26.82
441,-26.619
442,-26.826
443,-26.827
444,-26.994
445,-26.593
446,-26.514
447,-26.154
448,-26.56
449,-26.327
450,-26.728
451,-26.317
452,-26.525
453,-26.621
454,-26.649
455,-26.155
456,-26.596
457,-26.695
458,-26.172
459,-26.736
460,-26.648
461,-26.646
462,-26.49
463,-26.211
464,-26.332
465,-25.962
466,-26.954
467,-26.562
468,-26.338
469,-26.015
470,-26.601
471,-26.364
472,-26.568
473,-26.216
474,-26.216
475,-26.199
476,-26.312
477,-26.215
478,-26.239
479,-26.005
480,-25.949
481,-26.246
482,-26.347
483,-26.491
484,-25.949
485,-25.965
486,-26.225
487,-25.786
488,-26.187
489,-25.846
490,-25.97
491,-26.07
492,-25.991
493,-25.785
494,-25.635
495,-25.919
496,-26.004
497,-25.663
498,-25.858
499,-25.699
500,-26.254
501,-26.461
502,-25.931
503,-25.522
504,-25.421
505,-25.795
506,-25.797
507,-25.759
508,-25.66
509,-25.893
510,-25.615
511,-26.146
512,-26.209
513,-25.567
514,-25.816
515,-26.002
516,-25.895
517,-25.921
518,-25.87
519,-26.051
520,-25.581
521,-25.246
522,-25.493
523,-25.084
524,-25.316
525,-25.779
526,-25.941
527,-24.979
528,-25.624
529,-25.272
530,-25.924
531,-25.528
532,-25.487
533,-25.787
534,-25.582
535,-25.252
536,-25.791
537,-25.267
538,-25.763
539,-25.599
540,-25.479
541,-25.39
542,-25.554
543,-25.219
544,-25.822
545,-25.009
546,-25.239
547,-25.16
548,-25.74
549,-25.305
550,-25.59
551,-25.297
552,-24.702
553,-25.238
554,-25.156
555,-25.103
556,-25.546
557,-25.111
558,-25.409
559,-25.393
560,-25.313
561,-24.84
562,-25.182
563,-25.147
564,-25.03
565,-24.738
566,-24.865
567,-25.866
568,-25.024
569,-25.349
570,-25.036
571,-24.607
572,-24.578
573,-24.854
574,-25.29
575,-25.034
576,-24.971
577,-25.194
578,-25.104
579,-24.921
580,-24.822
581,-25.118
582,-24.812
583,-24.675
584,-25.154
585,-24.789
586,-24.802
587,-25.261
588,-25.23
589,-25.183
590,-24.388
591,-24.823
592,-24.983
593,-24.687
594,-25.216
595,-24.994
596,-24.847
597,-24.58
598,-24.825
599,-24.506
600,-24.632
601,-24.78
602,-24.487
603,-24.998
604,-24.512
605,-24.881
606,-24.634
607,-25.123
608,-24.661
609,-24.669
610,-24.776
611,-24.898
612,-24.534
613,-24.502
614,-24.619
615,-24.529
616,-24.323
617,-24.992
618,-24.496
619,-24.383
620,-24.201
621,-24.636
622,-24.186
623,-24.149
624,-23.89
625,-24.77
626,-24.174
627,-24.488
628,-24.382
629,-24.716
630,-24.447
631,-24.696
632,-24.614
633,-24.534
634,-24.844
635,-24.328
636,-24.268
637,-24.493
638,-24.706
639,-24.6
640,-24.059
641,-24.261
642,-24.51
643,-24.262
644,-24.328
645,-24.527
646,-24.182
647,-24.559
648,-24.331
649,-24.352
650,-24.214
651,-24.215
652,-24.616
653,-24.163
654,-24.241
655,-24.108
656,-24.34
657,-24.206
658,-24.403
659,-24.019
660,-24.292
661,-23.994
662,-24.043
663,-24.075
664,-24.502
665,-24.624
666,-24.457
667,-24.296
668,-24.185
669,-24.31
670,-24.098
671,-24.173
672,-24.094
673,-24.293
674,-24.102
675,-24.516
676,-24.321
677,-24.345
678,-23.963
679,-24.157
680,-23.948
681,-23.791
682,-24.157
683,-23.891
684,-23.916
685,-24.167
686,-24.233
687,-24.165
688,-24.31
689,-24.302
690,-24.366
691,-23.88
692,-23.901
693,-23.942
694,-24.283
695,-24.144
696,-24.321
697,-23.695
698,-23.822
699,-23.67
700,-24.202
701,-24.1
702,-23.745
703,-24.068
704,-23.521
705,-23.75
706,-24.122
707,-23.783
708,-24.431
709,-23.999
710,-24.054
711,-24.239
712,-24.141
713,-24.17
714,-23.83
715,-23.889
716,-23.962
717,-24.034
718,-23.957
719,-23.732
720,-23.881
721,-23.955
722,-23.938
723,-23.786
724,-23.814
725,-23.661
726,-24.003
727,-24.116
728,-23.625
729,-23.981
730,-24.678
731,-23.568
732,-23.254
733,-23.952
734,-23.604
735,-23.648
736,-23.561
737,-23.8
738,-23.627
739,-23.509
740,-23.568
741,-23.752
742,-23.878
743,-24.289
744,-23.702
745,-23.725
746,-23.65
747,-24.014
748,-24.178
749,-23.747
750,-23.82
751,-23.66
752,-23.715
753,-23.649
754,-23.49
755,-23.488
756,-23.609
757,-24.161
758,-23.814
759,-23.434
760,-23.641
761,-23.406
762,-23.077
763,-23.83
764,-23.907
765,-23.391
766,-23.827
767,-23.157
768,-23.632
769,-23.596
770,-23.672
771,-23.722
772,-23.842
773,-23.71
774,-22.975
775,-23.729
776,-23.103
777,-23.66
778,-23.438
779,-23.188
780,-23.51
781,-23.485
782,-23.758
783,-23.823
784,-23.579
785,-23.566
786,-23.655
787,-23.605
788,-23.396
789,-23.544
790,-22.992
791,-23.357
792,-23.53
793,-23.47
794,-23.226
795,-23.337
796,-23.397
797,-23.326
798,-23.587
799,-24.017
800,-23.121
801,-23.401
802,-23.638
803,-23.377
804,-23.703
805,-23.42
806,-23.481
807,-23.414
808,-23.146
809,-23.05
810,-23.939
811,-23.185
812,-23.537
813,-23.399
814,-23.393
815,-23.266
816,-23.213
817,-23.161
818,-23.545
819,-22.722
820,-23.287
821,-23.452
822,-23.241
823,-23.737
824,-23.206
825,-23.502
826,-23.332
827,-23.401
828,-23.665
829,-23.464
830,-23.41
831,-23.449
832,-23.26
833,-23.146
834,-23.501
835,-23.121
836,-23.108
837,-22.935
838,-23.301
839,-23.529
840,-23.209
841,-22.91
842,-23.304
843,-23.203
844,-23.641
845,-23.498
846,-23.523
847,-23.292
848,-23.502
849,-23.26
850,-23.309
851,-22.981
852,-23.622
853,-23.239
854,-23.266
855,-23.396
856,-23.281
857,-23.232
858,-23.596
859,-23.061
860,-23.58
861,-23.524
862,-23.042
863,-23.245
864,-23.098
865,-23.12
866,-23.222
867,-23.219
868,-23.62
869,-22.914
870,-22.986
871,-23.202
872,-23.571
873,-22.907
874,-23.261
875,-23.098
876,-23.332
877,-23.329
878,-23.056
879,-23.008
880,-23.15
881,-23.376
882,-23.237
883,-23.2
884,-23.069
885,-22.999
886,-23.305
887,-23.257
888,-22.714
889,-23.031
890,-23.315
891,-23.062
892,-23.217
893,-23.172
894,-23.621
895,-23.241
896,-22.947
897,-23.077
898,-22.773
899,-23.338
900,-23.247
901,-23.288
902,-23.072
903,-23.101
904,-23.237
905,-22.865
906,-23.409
907,-23.039
908,-22.959
909,-23.438
910,-23.335
911,-22.88
912,-23.49
913,-23.116
914,-22.955
915,-22.686
916,-23.365
917,-23.162
918,-23.357
919,-22.906
920,-22.825
921,-23.058
922,-22.965
923,-22.923
924,-22.937
925,-22.891
926,-23.112
927,-22.992
928,-23.007
929,-22.934
930,-23.054
931,-23.054
932,-23.175
933,-22.872
934,-22.523
935,-22.742
936,-23.203
937,-22.738
938,-23.205
939,-23.375
940,-23.231
941,-23.226
942,-23.267
943,-22.481
944,-22.724
945,-22.963
946,-22.63
947,-22.991
948,-23.272
949,-23.201
950,-23.312
951,-23.422
952,-23.077
953,-23.245
954,-23.241
955,-23.053
956,-22.939
957,-23.33
958,-22.889
959,-23.054
960,-22.759
961,-23.383
962,-22.995
963,-23.202
964,-22.998
965,-23.052
966,-22.851
967,-22.869
968,-22.995
969,-23.177
970,-22.948
971,-22.906
972,-23.038
973,-22.696
974,-22.7
975,-23.205
976,-23.296
977,-22.732
978,-22.613
979,-22.518
980,-23.379
981,-22.83
982,-22.976
983,-22.766
984,-23.025
985,-22.508
986,-23.193
987,-22.746
988,-23.009
989,-22.868
990,-23.312
991,-22.91
992,-22.633
993,-22.882
994,-22.884
995,-22.943
996,-23.215
997,-23.257
998,-22.684
999,-22.932
1000,-22.871
