1,-34.715
2,-34.421
3,-35.034
4,-34.01
5,-34.238
6,-34.42
7,-34.556
8,-34.337
9,-34.893
10,-35.007
11,-34.504
12,-34.595
13,-34.936
14,-34.876
15,-34.736
16,-34.745
17,-33.643
18,-34.867
19,-33.978
20,-34.498
21,-34.96
22,-34.757
23,-34.165
24,-33.696
25,-33.659
26,-33.772
27,-34.228
28,-34.108
29,-34.078
30,-34.019
31,-33.994
32,-33.912
33,-34.142
34,-34.619
35,-33.764
36,-34.145
37,-33.069
38,-34.059
39,-33.708
40,-34.049
41,-33.646
42,-34.595
43,-34.626
44,-33.84
45,-33.063
46,-33.925
47,-33.807
48,-33.747
49,-33.324
50,-33.092
51,-34.273
52,-34.224
53,-34.494
54,-34.2
55,-34.359
56,-33.661
57,-33.991
58,-33.887
59,-33.112
60,-33.057
61,-33.48
62,-33.641
63,-33.871
64,-33.485
65,-32.6
66,-33.588
67,-33.034
68,-33.532
69,-33.104
70,-33.22
71,-33.36
72,-33.024
73,-33.597
74,-32.348
75,-33.809
76,-32.826
77,-32.723
78,-33.083
79,-33.824
80,-32.739
81,-33.015
82,-32.796
83,-32.898
84,-32.153
85,-32.593
86,-33.011
87,-32.732
88,-32.674
89,-33.477
90,-32.884
91,-32.437
92,-32.4
93,-31.739
94,-32.549
95,-33.249
96,-32.065
97,-32.347
98,-32.444
99,-32.456
100,-32.291
101,-32.306
102,-31.857
103,-32.745
104,-32.485
105,-33.379
106,-31.722
107,-31.887
108,-31.986
109,-32.528
110,-32.037
111,-31.524
112,-32.732
113,-31.378
114,-32.453
115,-32.347
116,-31.927
117,-31.88
118,-31.184
119,-31.629
120,-31.493
121,-32.33
122,-32.693
123,-31.502
124,-31.63
125,-31.672
126,-31.812
127,-31.308
128,-32.187
129,-31.588
130,-32.308
131,-32.111
132,-31.799
133,-31.22
134,-31.439
135,-31.961
136,-31.751
137,-31.532
138,-31.774
139,-31.007
140,-31.473
141,-31.512
142,-31.089
143,-31.796
144,-31.692
145,-31.902
146,-30.978
147,-32.106
148,-31.945
149,-31.215
150,-31.636
151,-31.081
152,-31.089
153,-32.289
154,-30.714
155,-30.843
156,-32.237
157,-30.593
158,-30.884
159,-31.04
160,-30.728
161,-31.145
162,-31.474
163,-31.244
164,-30.829
165,-30.932
166,-31.044
167,-30.4
168,-30.903
169,-30.955
170,-30.992
171,-31.275
172,-31.454
173,-30.92
174,-30.46
175,-31.251
176,-30.637
177,-31.476
178,-30.621
179,-30.785
180,-30.049
181,-30.498
182,-30.836
183,-30.095
184,-30.853
185,-30.171
186,-30.803
187,-30.73
188,-29.929
189,-30.502
190,-30.627
191,-30.321
192,-30.972
193,-30.608
194,-30.38
195,-30.0
196,-30.49
197,-30.427
198,-30.276
199,-30.251
200,-30.109
201,-30.594
202,-30.01
203,-30.197
204,-30.155
205,-29.878
206,-29.934
207,-30.497
208,-29.584
209,-29.252
210,-29.569
211,-29.982
212,-30.486
213,-29.598
214,-29.605
215,-30.232
216,-30.034
217,-30.11
218,-30.039
219,-29.949
220,-29.601
221,-30.093
222,-29.874
223,-29.802
224,-29.862
225,-29.731
226,-29.914
227,-30.154
228,-29.629
229,-29.93
230,-29.452
231,-29.467
232,-29.414
233,-30.046
234,-29.709
235,-29.643
236,-30.676
237,-29.257
238,-29.465
239,-29.302
240,-29.317
241,-29.806
242,-29.683
243,-29.631
244,-29.81
245,-29.464
246,-29.216
247,-28.907
248,-29.646
249,-29.247
250,-29.025
251,-29.52
252,-29.723
253,-29.398
254,-29.37
255,-28.758
256,-29.513
257,-29.743
258,-29.757
259,-28.583
260,-29.721
261,-29.915
262,-29.553
263,-29.134
264,-29.455
265,-29.48
266,-29.382
267,-28.9
268,-29.063
269,-28.572
270,-28.802
271,-29.12
272,-29.278
273,-28.499
274,-29.528
275,-28.921
276,-29.205
277,-28.724
278,-29.233
279,-29.105
280,-28.447
281,-28.551
282,-28.29
283,-28.93
284,-28.723
285,-28.611
286,-29.127
287,-28.88
288,-28.61
289,-28.313
290,-28.808
291,-28.941
292,-28.637
293,-28.812
294,-28.928
295,-28.591
296,-28.391
297,-28.468
298,-28.798
299,-28.422
300,-28.852
301,-28.615
302,-28.867
303,-28.852
304,-28.384
305,-28.703
306,-27.967
307,-28.533
308,-28.031
309,-28.515
310,-28.881
311,-28.181
312,-28.322
313,-28.188
314,-28.06
315,-28.609
316,-28.223
317,-28.659
318,-27.674
319,-28.688
320,-28.264
321,-27.865
322,-27.92
323,-28.151
324,-27.823
325,-27.919
326,-28.224
327,-28.045
328,-28.56
329,-28.151
330,-27.829
331,-28.494
332,-28.135
333,-27.789
334,-27.752
335,-28.227
336,-27.644
337,-27.867
338,-27.976
339,-28.105
340,-27.846
341,-27.953
342,-28.276
343,-27.653
344,-27.787
345,-27.886
346,-27.967
347,-27.614
348,-28.052
349,-28.169
350,-28.259
351,-27.548
352,-27.652
353,-28.045
354,-28.092
355,-27.629
356,-27.411
357,-28.025
358,-27.809
359,-27.866
360,-27.62
361,-27.862
362,-28.179
363,-27.812
364,-27.565
365,-27.797
366,-27.711
367,-27.937
368,-27.238
369,-28.129
370,-27.592
371,-27.762
372,-27.492
373,-27.796
374,-28.157
375,-27.223
376,-27.835
377,-27.554
378,-27.427
379,-27.466
380,-27.211
381,-27.327
382,-27.362
383,-27.213
384,-26.786
385,-27.713
386,-26.657
387,-27.228
388,-27.696
389,-26.918
390,-27.629
391,-27.744
392,-27.181
393,-27.088
394,-27.345
395,-27.235
396,-26.859
397,-27.775
398,-26.999
399,-26.731
400,-27.29
401,-26.875
402,-27.164
403,-27.147
404,-26.878
405,-27.096
406,-27.213
407,-26.932
408,-27.202
409,-26.913
410,-27.185
411,-27.383
412,-26.977
413,-27.018
414,-26.587
415,-27.107
416,-26.668
417,-27.476
418,-26.782
419,-27.123
420,-27.229
421,-26.819
422,-26.796
423,-26.471
424,-26.974
425,-27.298
426,-26.929
427,-26.493
428,-26.747
429,-26.484
430,-27.169
431,-27.455
432,-26.82
433,-26.127
434,-26.667
435,-27.146
436,-26.807
437,-26.957
438,-26.316
439,-26.743
440,-27.018
441,-26.062
442,-27.067
443,-26.823
444,-26.874
445,-26.039
446,-26.679
447,-26.107
448,-27.134
449,-26.949
450,-26.769
451,-26.553
452,-26.156
453,-26.597
454,-26.508
455,-26.598
456,-26.503
457,-26.271
458,-26.568
459,-26.478
460,-26.864
461,-26.954
462,-26.817
463,-27.535
464,-26.599
465,-26.528
466,-26.044
467,-26.319
468,-26.484
469,-26.433
470,-26.958
471,-26.198
472,-26.375
473,-26.229
474,-26.626
475,-25.957
476,-26.664
477,-26.493
478,-27.086
479,-26.436
480,-26.616
481,-26.893
482,-26.423
483,-26.35
484,-26.895
485,-26.644
486,-25.58
487,-26.172
488,-26.099
489,-26.423
490,-27.068
491,-26.471
492,-26.345
493,-25.987
494,-26.191
495,-26.165
496,-26.168
497,-26.186
498,-25.864
499,-26.461
500,-26.066
501,-26.461
502,-26.643
503,-26.89
504,-25.719
505,-26.778
506,-26.138
507,-26.255
508,-26.238
509,-26.354
510,-26.178
511,-26.148
512,-25.987
513,-26.547
514,-26.07
515,-25.843
516,-25.881
517,-26.493
518,-26.286
519,-26.108
520,-25.924
521,-26.283
522,-26.233
523,-25.903
524,-25.49
525,-25.727
526,-26.316
527,-26.34
528,-25.748
529,-26.014
530,-26.072
531,-25.948
532,-26.275
533,-25.625
534,-26.089
535,-26.275
536,-25.523
537,-26.262
538,-25.886
539,-25.506
540,-25.796
541,-25.903
542,-26.476
543,-25.814
544,-26.062
545,-25.571
546,-25.63
547,-26.001
548,-26.097
549,-25.513
550,-25.894
551,-25.704
552,-25.935
553,-25.484
554,-25.435
555,-25.84
556,-25.463
557,-25.918
558,-25.712
559,-25.843
560,-25.505
561,-25.335
562,-25.548
563,-25.595
564,-26.15
565,-25.665
566,-25.987
567,-25.672
568,-25.55
569,-25.757
570,-25.944
571,-25.395
572,-25.228
573,-25.861
574,-25.64
575,-25.567
576,-25.755
577,-25.873
578,-25.448
579,-25.893
580,-25.391
581,-25.664
582,-25.502
583,-25.636
584,-25.34
585,-25.546
586,-25.373
587,-25.461
588,-25.649
589,-25.352
590,-25.96
591,-25.696
592,-25.314
593,-25.528
594,-25.231
595,-25.443
596,-25.195
597,-25.108
598,-25.524
599,-25.543
600,-25.463
601,-25.951
602,-25.607
603,-25.406
604,-25.611
605,-25.471
606,-25.119
607,-24.852
608,-25.348
609,-25.281
610,-25.231
611,-24.873
612,-25.126
613,-25.067
614,-25.216
615,-25.322
616,-25.085
617,-25.462
618,-24.998
619,-25.126
620,-25.164
621,-24.642
622,-25.422
623,-25.279
624,-25.31
625,-24.943
626,-24.896
627,-25.358
628,-24.952
629,-25.201
630,-25.313
631,-24.967
632,-24.884
633,-24.97
634,-25.406
635,-25.208
636,-25.241
637,-25.409
638,-24.822
639,-25.076
640,-25.471
641,-25.318
642,-25.224
643,-24.969
644,-25.76
645,-25.118
646,-25.112
647,-25.393
648,-24.434
649,-24.826
650,-25.416
651,-25.478
652,-25.297
653,-25.113
654,-25.091
655,-25.04
656,-25.218
657,-25.083
658,-25.596
659,-24.829
660,-24.993
661,-25.007
662,-25.181
663,-24.838
664,-24.827
665,-24.831
666,-24.534
667,-24.936
668,-24.509
669,-25.456
670,-25.242
671,-24.688
672,-24.657
673,-25.018
674,-24.636
675,-25.134
676,-24.896
677,-24.845
678,-24.723
679,-24.416
680,-24.552
681,-24.577
682,-24.703
683,-25.301
684,-24.608
685,-24.389
686,-25.17
687,-24.667
688,-24.963
689,-24.405
690,-24.929
691,-24.651
692,-24.429
693,-25.184
694,-24.803
695,-24.792
696,-24.605
697,-24.758
698,-24.889
699,-24.637
700,-24.297
701,-24.494
702,-24.416
703,-24.645
704,-25.176
705,-24.734
706,-24.61
707,-24.63
708,-24.492
709,-24.691
710,-24.838
711,-24.691
712,-24.42
713,-24.638
714,-24.843
715,-24.65
716,-24.404
717,-24.7
718,-25.187
719,-24.012
720,-24.862
721,-25.09
722,-24.665
723,-25.055
724,-24.276
725,-24.962
726,-24.264
727,-24.504
728,-24.714
729,-24.621
730,-24.214
731,-24.37
732,-24.644
733,-24.57
734,-24.991
735,-24.477
736,-24.287
737,-24.493
738,-24.182
739,-24.411
740,-24.434
741,-24.291
742,-24.124
743,-24.463
744,-24.391
745,-24.824
746,-24.715
747,-24.722
748,-24.714
749,-24.825
750,-24.591
751,-24.648
752,-24.476
753,-24.587
754,-24.291
755,-24.747
756,-24.608
757,-24.434
758,-24.45
759,-24.454
760,-24.367
761,-24.62
762,-24.486
763,-23.766
764,-24.536
765,-24.517
766,-24.689
767,-24.715
768,-24.113
769,-24.601
770,-24.22
771,-23.83
772,-24.505
773,-24.367
774,-24.528
775,-24.251
776,-24.44
777,-24.351
778,-24.694
779,-24.249
780,-24.251
781,-24.066
782,-24.495
783,-24.162
784,-24.481
785,-24.421
786,-24.193
787,-23.998
788,-24.339
789,-24.565
790,-24.491
791,-23.713
792,-24.654
793,-24.256
794,-24.146
795,-24.301
796,-24.58
797,-24.329
798,-24.163
799,-24.025
800,-24.265
801,-24.295
802,-24.473
803,-24.044
804,-24.545
805,-24.037
806,-24.149
807,-24.381
808,-23.879
809,-23.923
810,-24.311
811,-24.044
812,-24.175
813,-24.662
814,-23.925
815,-24.083
816,-24.197
817,-24.069
818,-23.923
819,-24.567
820,-24.564
821,-23.865
822,-23.94
823,-23.916
824,-24.003
825,-23.989
826,-24.505
827,-23.861
828,-23.87
829,-24.653
830,-24.173
831,-24.34
832,-23.723
833,-23.923
834,-24.014
835,-23.981
836,-24.166
837,-24.334
838,-24.07
839,-23.889
840,-24.081
841,-23.903
842,-24.535
843,-23.709
844,-24.186
845,-24.168
846,-24.122
847,-24.286
848,-24.066
849,-23.971
850,-23.963
851,-24.582
852,-23.873
853,-24.074
854,-23.766
855,-24.053
856,-23.868
857,-23.869
858,-24.566
859,-24.145
860,-23.979
861,-23.818
862,-23.703
863,-23.988
864,-24.035
865,-24.013
866,-23.731
867,-23.878
868,-24.166
869,-24.067
870,-24.515
871,-24.295
872,-23.731
873,-24.662
874,-23.908
875,-23.646
876,-24.004
877,-23.992
878,-23.846
879,-23.721
880,-23.834
881,-23.502
882,-23.883
883,-23.845
884,-24.148
885,-23.918
886,-24.034
887,-23.914
888,-23.623
889,-24.069
890,-23.981
891,-23.717
892,-23.824
893,-23.846
894,-24.063
895,-24.127
896,-23.387
897,-24.041
898,-24.096
899,-23.964
900,-23.551
901,-23.784
902,-23.675
903,-23.503
904,-23.859
905,-23.437
906,-23.551
907,-23.952
908,-23.77
909,-23.758
910,-23.738
911,-23.949
912,-23.469
913,-23.639
914,-24.065
915,-24.083
916,-24.157
917,-23.644
918,-23.389
919,-23.873
920,-23.716
921,-23.892
922,-23.789
923,-23.62
924,-23.985
925,-23.718
926,-23.826
927,-23.788
928,-23.771
929,-23.745
930,-23.796
931,-23.874
932,-23.563
933,-23.723
934,-23.851
935,-23.749
936,-23.896
937,-23.772
938,-24.087
939,-23.638
940,-23.788
941,-24.006
942,-24.014
943,-23.512
944,-23.817
945,-23.654
946,-24.158
947,-23.915
948,-23.481
949,-23.558
950,-23.68
951,-23.731
952,-24.03
953,-23.902
954,-24.13
955,-23.558
956,-23.89
957,-24.141
958,-23.548
959,-24.072
960,-24.083
961,-23.623
962,-23.709
963,-23.962
964,-23.99
965,-23.774
966,-23.435
967,-23.392
968,-23.575
969,-23.623
970,-23.865
971,-23.395
972,-24.167
973,-23.896
974,-23.765
975,-23.627
976,-23.363
977,-23.983
978,-23.584
979,-23.444
980,-23.595
981,-23.842
982,-23.273
983,-23.678
984,-23.319
985,-23.853
986,-23.717
987,-23.609
988,-23.28
989,-23.837
990,-23.48
991,-23.317
992,-23.244
993,-23.777
994,-23.726
995,-23.536
996,-23.606
997,-23.662
998,-23.648
999,-23.387
1000,-23.659
