1,-32.5
2,-32.17
3,-32.75
4,-34.56
5,-34.15
6,-34.31
7,-36.87
8,-33.4
9,-35.47
10,-34.15
11,-34.85
12,-36.46
13,-35.65
14,-34.99
15,-35.65
16,-36.21
17,-35.13
18,-35.84
19,-31.07
20,-32.54
21,-35.86
22,-35.29
23,-36.02
24,-27.79
25,-36.51
26,-32.62
27,-34.45
28,-33.53
29,-33.44
30,-35.09
31,-36.06
32,-33.26
33,-34.6
34,-34.03
35,-32.19
36,-33.7
37,-35.44
38,-37.21
39,-32.95
40,-33.6
41,-33.48
42,-30.38
43,-33.16
44,-31.98
45,-33.69
46,-33.09
47,-33.72
48,-32.56
49,-31.47
50,-33.01
51,-32.49
52,-34.62
53,-30.81
54,-32.58
55,-30.72
56,-33.76
57,-30.93
58,-32.34
59,-33.12
60,-32.22
61,-32.47
62,-31.06
63,-30.81
64,-31.43
65,-30.91
66,-32.01
67,-33.51
68,-31.85
69,-31.92
70,-30.55
71,-31.29
72,-34.66
73,-32.39
74,-30.27
75,-32.18
76,-30.13
77,-32.23
78,-33.71
79,-29.88
80,-28.81
81,-34.02
82,-32.66
83,-33.92
84,-32.11
85,-31.2
86,-31.07
87,-30.89
88,-31.24
89,-31.51
90,-33.27
91,-32.24
92,-33.68
93,-32.82
94,-32.06
95,-32.02
96,-31.78
97,-30.71
98,-31.64
99,-31.0
100,-32.28
101,-32.41
102,-32.87
103,-33.8
104,-33.77
105,-32.15
106,-31.8
107,-34.2
108,-32.84
109,-32.19
110,-32.93
111,-36.88
112,-35.7
113,-32.77
114,-35.81
115,-32.86
116,-32.12
117,-31.88
118,-34.98
119,-34.23
120,-33.47
121,-34.87
122,-32.34
123,-34.37
124,-34.23
125,-34.23
126,-34.81
127,-36.56
128,-34.68
129,-36.08
130,-31.01
131,-33.99
132,-30.7
133,-34.05
134,-31.2
135,-33.67
136,-33.89
137,-30.94
138,-32.83
139,-34.8
140,-32.15
141,-29.94
142,-33.47
143,-32.41
144,-32.6
145,-32.34
146,-31.69
147,-31.31
148,-31.59
149,-31.04
150,-29.77
151,-33.5
152,-34.07
153,-35.07
154,-32.33
155,-34.67
156,-34.49
157,-34.16
158,-33.53
159,-36.34
160,-34.04
161,-35.72
162,-37.56
163,-35.52
164,-32.67
165,-35.13
166,-35.38
167,-34.5
168,-33.89
169,-36.2
170,-36.24
171,-30.83
172,-32.35
173,-34.39
174,-34.54
175,-32.51
176,-33.07
177,-33.85
178,-31.72
179,-32.26
180,-34.92
181,-32.56
182,-32.45
183,-32.97
184,-33.98
185,-33.07
186,-31.6
187,-31.71
188,-32.15
189,-31.64
190,-30.55
191,-32.32
192,-34.21
193,-32.56
194,-33.17
195,-33.84
196,-34.91
197,-33.59
198,-31.94
199,-33.26
200,-31.12
201,-32.87
202,-33.16
203,-33.97
204,-31.0
205,-32.38
206,-33.6
207,-28.56
208,-30.95
209,-33.89
210,-31.3
211,-33.98
212,-32.19
213,-30.51
214,-31.27
215,-33.14
216,-32.98
217,-29.52
218,-31.04
219,-33.65
220,-31.5
221,-32.32
222,-34.79
223,-31.06
224,-32.73
225,-32.49
226,-33.95
227,-30.81
228,-34.91
229,-29.97
230,-30.12
231,-32.9
232,-33.64
233,-31.52
234,-33.02
235,-30.32
236,-31.95
237,-34.29
238,-32.84
239,-27.85
240,-32.98
241,-31.48
242,-30.45
243,-32.38
244,-30.49
245,-33.67
246,-30.73
247,-29.53
248,-31.31
249,-30.38
250,-30.9
251,-31.23
252,-30.57
253,-33.09
254,-30.53
255,-32.9
256,-30.35
257,-32.42
258,-33.79
259,-31.54
260,-32.7
261,-33.81
262,-32.95
263,-33.11
264,-32.2
265,-31.81
266,-32.25
267,-32.7
268,-31.63
269,-31.79
270,-29.15
271,-33.62
272,-29.63
273,-33.41
274,-34.14
275,-35.71
276,-29.37
277,-31.48
278,-32.5
279,-31.36
280,-31.31
281,-32.36
282,-30.96
283,-32.48
284,-30.87
285,-31.9
286,-32.05
287,-35.9
288,-31.65
289,-32.18
290,-31.62
291,-28.89
292,-31.83
293,-35.33
294,-34.02
295,-31.82
296,-31.25
297,-33.5
298,-33.56
299,-31.0
300,-31.87
301,-31.55
302,-33.44
303,-32.61
304,-33.36
305,-32.66
306,-30.9
307,-34.03
308,-32.17
309,-31.11
310,-33.68
311,-32.03
312,-32.78
313,-33.53
314,-31.76
315,-32.47
316,-29.88
317,-34.18
318,-31.54
319,-29.37
320,-31.56
321,-30.3
322,-32.21
323,-33.44
324,-31.54
325,-32.27
326,-33.4
327,-32.96
328,-31.0
329,-32.68
330,-32.25
331,-35.34
332,-30.97
333,-31.86
334,-35.7
335,-31.95
336,-32.43
337,-33.48
338,-32.97
339,-34.95
340,-33.74
341,-35.36
342,-30.67
343,-31.92
344,-34.39
345,-32.38
346,-34.9
347,-30.23
348,-32.99
349,-36.17
350,-32.13
351,-31.6
352,-32.11
353,-30.57
354,-31.57
355,-33.79
356,-31.82
357,-30.74
358,-32.14
359,-32.46
360,-29.07
361,-31.52
362,-31.0
363,-28.27
364,-33.5
365,-32.24
366,-29.05
367,-31.61
368,-32.53
369,-31.5
370,-34.81
371,-32.47
372,-30.59
373,-34.44
374,-30.47
375,-31.8
376,-31.28
377,-30.68
378,-30.42
379,-31.86
380,-32.66
381,-33.6
382,-29.42
383,-29.01
384,-31.96
385,-30.0
386,-33.07
387,-29.86
388,-31.11
389,-34.27
390,-30.16
391,-31.46
392,-30.52
393,-30.7
394,-29.67
395,-32.53
396,-29.84
397,-32.3
398,-30.12
399,-30.23
400,-33.43
401,-32.26
402,-29.87
403,-30.23
404,-29.87
405,-33.42
406,-32.73
407,-31.37
408,-33.37
409,-30.65
410,-33.65
411,-30.31
412,-31.11
413,-31.28
414,-31.9
415,-32.98
416,-30.38
417,-30.71
418,-30.84
419,-29.86
420,-33.46
421,-30.76
422,-32.8
423,-30.66
424,-30.98
425,-32.64
426,-35.14
427,-32.33
428,-29.63
429,-32.22
430,-28.87
431,-36.11
432,-30.48
433,-30.08
434,-33.36
435,-29.36
436,-29.79
437,-30.95
438,-30.06
439,-29.7
440,-33.58
441,-30.87
442,-30.02
443,-31.58
444,-30.74
445,-30.39
446,-31.43
447,-31.04
448,-29.9
449,-33.45
450,-34.75
451,-32.94
452,-29.27
453,-32.55
454,-32.33
455,-29.07
456,-31.55
457,-33.94
458,-35.36
459,-31.98
460,-31.22
461,-29.52
462,-28.08
463,-33.41
464,-31.82
465,-29.77
466,-31.92
467,-31.85
468,-30.89
469,-31.05
470,-33.03
471,-33.17
472,-31.0
473,-29.74
474,-29.55
475,-28.95
476,-30.59
477,-31.25
478,-32.0
479,-33.97
480,-32.02
481,-31.15
482,-30.16
483,-31.68
484,-28.97
485,-29.48
486,-30.82
487,-32.17
488,-29.8
489,-30.73
490,-28.99
491,-29.14
492,-30.34
493,-33.11
494,-29.97
495,-28.93
496,-30.0
497,-31.2
498,-30.23
499,-28.45
500,-29.86
501,-31.85
502,-31.4
503,-32.49
504,-29.11
505,-29.35
506,-32.54
507,-32.31
508,-30.3
509,-29.25
510,-30.34
511,-32.77
512,-29.04
513,-28.75
514,-31.04
515,-31.6
516,-30.8
517,-31.74
518,-28.68
519,-31.03
520,-31.12
521,-29.33
522,-31.19
523,-31.01
524,-29.31
525,-30.65
526,-30.05
527,-30.29
528,-31.36
529,-30.91
530,-30.96
531,-30.8
532,-31.32
533,-30.05
534,-31.4
535,-29.22
536,-31.01
537,-29.25
538,-31.12
539,-31.86
540,-30.7
541,-31.35
542,-31.08
543,-32.65
544,-31.67
545,-27.27
546,-30.42
547,-31.45
548,-29.77
549,-31.59
550,-30.14
551,-30.09
552,-30.94
553,-31.28
554,-33.53
555,-31.79
556,-31.43
557,-29.98
558,-29.62
559,-31.42
560,-30.71
561,-30.99
562,-29.63
563,-31.75
564,-29.85
565,-28.91
566,-28.35
567,-30.75
568,-28.9
569,-31.78
570,-29.61
571,-30.61
572,-32.29
573,-31.16
574,-30.35
575,-29.16
576,-29.68
577,-30.04
578,-32.3
579,-31.8
580,-29.47
581,-32.39
582,-32.23
583,-34.56
584,-30.83
585,-30.48
586,-28.36
587,-32.79
588,-28.1
589,-28.16
590,-28.96
591,-30.47
592,-30.22
593,-32.41
594,-30.76
595,-29.63
596,-27.8
597,-32.61
598,-31.56
599,-30.06
600,-31.0
601,-34.51
602,-29.84
603,-29.76
604,-28.78
605,-31.3
606,-30.5
607,-28.62
608,-29.69
609,-31.09
610,-28.85
611,-29.91
612,-32.07
613,-32.07
614,-30.33
615,-30.64
616,-32.6
617,-26.87
618,-29.19
619,-29.5
620,-27.49
621,-29.04
622,-29.73
623,-32.29
624,-32.4
625,-31.16
626,-29.8
627,-28.64
628,-32.0
629,-27.61
630,-31.99
631,-30.57
632,-27.95
633,-30.29
634,-34.54
635,-29.8
636,-30.19
637,-31.03
638,-31.82
639,-32.81
640,-30.89
641,-30.92
642,-32.96
643,-29.12
644,-31.2
645,-29.47
646,-29.56
647,-30.02
648,-32.16
649,-31.82
650,-31.79
651,-30.4
652,-29.14
653,-32.37
654,-30.6
655,-29.19
656,-29.39
657,-29.99
658,-31.09
659,-30.3
660,-30.49
661,-29.69
662,-32.78
663,-30.24
664,-29.54
665,-30.6
666,-32.15
667,-32.85
668,-32.28
669,-29.7
670,-32.67
671,-32.51
672,-32.81
673,-31.7
674,-32.11
675,-29.54
676,-30.93
677,-31.34
678,-28.84
679,-30.71
680,-31.07
681,-32.72
682,-34.03
683,-32.31
684,-30.47
685,-33.07
686,-29.99
687,-32.54
688,-32.04
689,-31.84
690,-30.4
691,-31.13
692,-32.36
693,-33.69
694,-28.33
695,-26.4
696,-29.09
697,-31.3
698,-32.04
699,-29.96
700,-28.54
701,-32.57
702,-29.93
703,-32.68
704,-30.34
705,-28.59
706,-30.05
707,-33.49
708,-32.32
709,-32.27
710,-31.69
711,-30.9
712,-29.02
713,-30.21
714,-32.13
715,-30.9
716,-30.68
717,-31.77
718,-32.09
719,-32.51
720,-30.74
721,-29.97
722,-30.62
723,-30.12
724,-31.83
725,-30.37
726,-30.59
727,-35.13
728,-30.78
729,-33.4
730,-33.46
731,-29.78
732,-33.8
733,-31.11
734,-30.12
735,-30.71
736,-30.66
737,-31.74
738,-34.7
739,-32.11
740,-33.84
741,-31.84
742,-30.38
743,-35.12
744,-32.01
745,-30.95
746,-32.11
747,-32.14
748,-33.56
749,-31.89
750,-31.86
751,-30.97
752,-30.32
753,-32.19
754,-30.63
755,-29.86
756,-31.77
757,-34.56
758,-32.11
759,-31.9
760,-29.78
761,-29.95
762,-30.17
763,-28.44
764,-30.37
765,-29.32
766,-31.18
767,-28.98
768,-29.89
769,-30.82
770,-30.51
771,-31.17
772,-32.27
773,-32.67
774,-30.16
775,-33.06
776,-32.5
777,-29.18
778,-32.38
779,-30.17
780,-31.35
781,-31.44
782,-29.04
783,-34.48
784,-31.72
785,-28.48
786,-32.69
787,-29.7
788,-27.47
789,-30.89
790,-32.33
791,-33.0
792,-31.33
793,-30.55
794,-28.39
795,-27.96
796,-29.83
797,-30.67
798,-30.03
799,-28.71
800,-30.66
801,-26.89
802,-30.36
803,-30.0
804,-30.83
805,-30.24
806,-30.6
807,-31.57
808,-31.43
809,-32.19
810,-30.62
811,-32.82
812,-31.36
813,-30.18
814,-31.37
815,-29.65
816,-29.95
817,-30.35
818,-30.1
819,-32.0
820,-31.38
821,-29.44
822,-34.78
823,-29.17
824,-31.29
825,-28.06
826,-30.06
827,-32.37
828,-30.0
829,-32.27
830,-30.23
831,-29.14
832,-29.66
833,-29.37
834,-29.06
835,-28.39
836,-30.53
837,-32.36
838,-34.32
839,-30.73
840,-29.32
841,-28.4
842,-27.29
843,-31.24
844,-30.83
845,-31.01
846,-32.3
847,-30.46
848,-29.87
849,-29.04
850,-29.2
851,-27.99
852,-32.8
853,-28.47
854,-28.9
855,-31.47
856,-29.11
857,-30.96
858,-32.84
859,-32.09
860,-31.33
861,-31.3
862,-30.52
863,-31.23
864,-32.98
865,-35.59
866,-35.5
867,-30.16
868,-35.8
869,-31.09
870,-31.47
871,-30.27
872,-30.06
873,-32.08
874,-30.29
875,-32.87
876,-30.18
877,-29.88
878,-28.99
879,-31.82
880,-29.81
881,-32.19
882,-30.62
883,-32.99
884,-32.64
885,-32.38
886,-30.44
887,-29.86
888,-31.34
889,-30.62
890,-33.23
891,-30.33
892,-29.66
893,-31.3
894,-32.58
895,-33.02
896,-33.92
897,-29.95
898,-29.62
899,-30.07
900,-30.14
901,-30.86
902,-32.14
903,-31.61
904,-32.09
905,-28.15
906,-30.75
907,-33.35
908,-31.73
909,-32.95
910,-31.66
911,-29.84
912,-30.85
913,-28.83
914,-31.26
915,-29.02
916,-29.82
917,-29.72
918,-28.67
919,-28.41
920,-30.05
921,-28.76
922,-28.09
923,-31.16
924,-29.05
925,-31.21
926,-29.88
927,-31.0
928,-32.52
929,-30.27
930,-29.69
931,-33.7
932,-32.23
933,-31.45
934,-30.88
935,-31.89
936,-33.14
937,-30.55
938,-30.04
939,-29.87
940,-29.96
941,-33.41
942,-30.71
943,-31.17
944,-28.98
945,-31.04
946,-28.21
947,-32.48
948,-31.29
949,-29.47
950,-30.78
951,-34.29
952,-28.4
953,-34.22
954,-32.44
955,-32.23
956,-33.28
957,-29.61
958,-33.07
959,-33.6
960,-30.66
961,-32.18
962,-31.12
963,-28.61
964,-31.07
965,-30.88
966,-27.83
967,-28.93
968,-33.19
969,-30.16
970,-30.46
971,-31.31
972,-31.92
973,-29.77
974,-31.46
975,-30.35
976,-30.57
977,-33.13
978,-31.27
979,-31.53
980,-30.7
981,-28.15
982,-30.93
983,-33.06
984,-31.83
985,-30.75
986,-30.41
987,-32.63
988,-32.84
989,-30.86
990,-31.26
991,-30.62
992,-30.04
993,-29.4
994,-31.63
995,-29.85
996,-32.99
997,-31.39
998,-30.32
999,-30.39
1000,-30.74
