1,-34.4
2,-35.62
3,-35.48
4,-35.18
5,-37.99
6,-36.44
7,-33.07
8,-35.3
9,-32.65
10,-33.78
11,-34.44
12,-34.51
13,-32.4
14,-33.8
15,-32.73
16,-33.37
17,-33.47
18,-33.4
19,-34.35
20,-33.17
21,-33.51
22,-32.2
23,-30.97
24,-30.9
25,-32.47
26,-31.37
27,-33.02
28,-32.07
29,-34.38
30,-33.06
31,-31.25
32,-33.12
33,-32.86
34,-32.27
35,-31.55
36,-33.05
37,-32.19
38,-33.34
39,-32.42
40,-30.51
41,-32.74
42,-31.54
43,-34.18
44,-30.46
45,-32.08
46,-31.26
47,-33.23
48,-30.93
49,-29.53
50,-30.1
51,-31.46
52,-31.04
53,-33.15
54,-29.49
55,-31.36
56,-30.94
57,-29.72
58,-29.42
59,-30.46
60,-29.46
61,-31.23
62,-30.89
63,-30.13
64,-31.43
65,-31.59
66,-27.8
67,-30.08
68,-33.38
69,-29.21
70,-30.66
71,-30.64
72,-28.51
73,-30.9
74,-28.19
75,-29.62
76,-28.71
77,-30.58
78,-30.39
79,-28.98
80,-26.38
81,-28.88
82,-31.02
83,-29.39
84,-31.28
85,-28.31
86,-30.48
87,-30.4
88,-29.08
89,-28.96
90,-29.58
91,-27.47
92,-27.83
93,-27.01
94,-30.96
95,-30.76
96,-27.98
97,-28.82
98,-26.7
99,-30.38
100,-29.27
101,-28.7
102,-28.53
103,-28.3
104,-28.16
105,-28.58
106,-29.74
107,-30.13
108,-28.46
109,-28.59
110,-29.42
111,-29.72
112,-30.79
113,-27.11
114,-29.17
115,-27.92
116,-28.51
117,-26.96
118,-28.13
119,-26.98
120,-26.41
121,-27.23
122,-28.86
123,-28.78
124,-28.74
125,-28.27
126,-26.67
127,-26.09
128,-27.45
129,-27.13
130,-27.63
131,-26.74
132,-28.4
133,-26.45
134,-26.8
135,-28.05
136,-26.72
137,-27.94
138,-28.46
139,-27.2
140,-25.7
141,-27.47
142,-26.31
143,-26.53
144,-26.53
145,-28.39
146,-25.82
147,-25.04
148,-27.21
149,-27.81
150,-28.01
151,-26.39
152,-29.1
153,-27.22
154,-27.74
155,-27.09
156,-26.86
157,-27.41
158,-26.64
159,-27.08
160,-27.11
161,-27.09
162,-25.96
163,-25.65
164,-26.81
165,-26.93
166,-25.84
167,-25.71
168,-26.16
169,-24.99
170,-25.49
171,-26.36
172,-26.55
173,-27.64
174,-25.66
175,-25.59
176,-25.81
177,-26.67
178,-26.43
179,-25.57
180,-25.43
181,-25.25
182,-25.29
183,-25.95
184,-25.31
185,-24.42
186,-25.66
187,-25.39
188,-26.76
189,-26.01
190,-26.64
191,-26.51
192,-24.8
193,-26.28
194,-28.15
195,-24.69
196,-25.45
197,-25.17
198,-24.05
199,-26.2
200,-25.64
201,-25.89
202,-25.16
203,-25.61
204,-25.6
205,-28.47
206,-26.59
207,-26.33
208,-24.1
209,-25.16
210,-25.44
211,-25.92
212,-25.93
213,-26.07
214,-24.55
215,-26.04
216,-25.05
217,-26.11
218,-25.93
219,-25.35
220,-25.93
221,-25.22
222,-25.42
223,-25.91
224,-24.28
225,-23.64
226,-24.51
227,-23.93
228,-24.48
229,-24.57
230,-24.18
231,-24.92
232,-24.37
233,-24.8
234,-26.16
235,-24.9
236,-24.65
237,-25.48
238,-23.25
239,-25.22
240,-24.11
241,-25.05
242,-23.39
243,-23.38
244,-25.63
245,-23.66
246,-24.18
247,-23.66
248,-24.92
249,-23.4
250,-24.5
251,-24.48
252,-25.87
253,-25.17
254,-24.66
255,-24.28
256,-24.4
257,-24.8
258,-23.26
259,-23.56
260,-24.84
261,-25.31
262,-24.51
263,-24.94
264,-24.6
265,-24.0
266,-23.41
267,-25.35
268,-24.17
269,-24.44
270,-23.11
271,-23.73
272,-25.08
273,-24.29
274,-25.49
275,-24.27
276,-24.2
277,-23.54
278,-23.8
279,-24.2
280,-23.29
281,-24.05
282,-22.9
283,-23.17
284,-24.75
285,-23.37
286,-23.68
287,-23.73
288,-24.61
289,-23.26
290,-23.74
291,-23.46
292,-23.65
293,-25.25
294,-24.03
295,-23.49
296,-24.0
297,-24.54
298,-22.94
299,-22.9
300,-23.28
301,-23.19
302,-22.97
303,-23.77
304,-23.31
305,-24.33
306,-24.0
307,-22.74
308,-22.74
309,-24.46
310,-23.55
311,-25.16
312,-23.93
313,-24.27
314,-22.72
315,-23.3
316,-25.12
317,-24.37
318,-23.52
319,-23.81
320,-23.57
321,-24.74
322,-22.81
323,-23.65
324,-23.87
325,-23.86
326,-23.45
327,-23.55
328,-22.99
329,-23.96
330,-23.35
331,-23.06
332,-23.33
333,-24.08
334,-23.51
335,-21.96
336,-24.48
337,-22.9
338,-22.92
339,-23.91
340,-24.03
341,-23.2
342,-24.42
343,-22.74
344,-22.79
345,-23.45
346,-22.4
347,-22.38
348,-23.09
349,-24.45
350,-22.58
351,-22.85
352,-24.68
353,-22.89
354,-23.91
355,-22.98
356,-22.6
357,-23.19
358,-23.33
359,-23.24
360,-23.36
361,-22.5
362,-22.98
363,-23.14
364,-22.89
365,-22.98
366,-23.02
367,-23.83
368,-22.74
369,-24.88
370,-24.07
371,-23.75
372,-24.24
373,-23.16
374,-23.06
375,-22.81
376,-22.22
377,-23.43
378,-21.77
379,-22.71
380,-23.24
381,-22.88
382,-22.41
383,-22.34
384,-23.74
385,-25.1
386,-22.03
387,-22.97
388,-22.89
389,-23.36
390,-23.68
391,-22.86
392,-22.96
393,-22.54
394,-24.2
395,-23.99
396,-23.96
397,-21.96
398,-22.89
399,-23.72
400,-22.31
401,-24.3
402,-23.99
403,-22.53
404,-22.27
405,-23.44
406,-23.29
407,-22.57
408,-22.55
409,-21.92
410,-21.5
411,-22.83
412,-21.94
413,-22.66
414,-23.17
415,-22.42
416,-23.96
417,-21.24
418,-23.02
419,-22.72
420,-23.82
421,-23.14
422,-22.68
423,-23.62
424,-23.55
425,-23.65
426,-22.68
427,-22.81
428,-23.13
429,-22.36
430,-22.88
431,-23.14
432,-22.94
433,-22.82
434,-22.48
435,-22.83
436,-22.64
437,-24.11
438,-23.69
439,-22.25
440,-24.18
441,-22.75
442,-23.41
443,-22.03
444,-21.74
445,-22.9
446,-22.53
447,-22.37
448,-23.57
449,-23.21
450,-22.27
451,-23.01
452,-22.11
453,-23.06
454,-22.91
455,-22.9
456,-22.03
457,-22.7
458,-22.75
459,-23.14
460,-22.41
461,-23.93
462,-22.65
463,-22.35
464,-23.69
465,-22.83
466,-22.91
467,-23.68
468,-22.94
469,-23.42
470,-22.91
471,-21.97
472,-23.35
473,-22.7
474,-23.5
475,-21.85
476,-22.4
477,-22.93
478,-22.16
479,-22.79
480,-22.64
481,-22.66
482,-23.31
483,-23.34
484,-22.37
485,-22.27
486,-22.0
487,-22.4
488,-22.3
489,-22.29
490,-23.78
491,-21.84
492,-22.53
493,-23.02
494,-22.65
495,-22.77
496,-22.02
497,-22.55
498,-22.82
499,-22.03
500,-22.65
501,-22.42
502,-23.37
503,-22.9
504,-22.31
505,-22.32
506,-22.05
507,-21.12
508,-22.2
509,-23.51
510,-22.88
511,-22.74
512,-23.15
513,-22.51
514,-21.72
515,-22.4
516,-22.83
517,-22.38
518,-22.33
519,-23.25
520,-23.27
521,-22.36
522,-22.76
523,-21.52
524,-22.24
525,-22.02
526,-21.36
527,-22.56
528,-22.12
529,-23.57
530,-22.75
531,-23.24
532,-22.43
533,-22.09
534,-21.74
535,-23.13
536,-22.63
537,-23.16
538,-22.2
539,-21.5
540,-22.64
541,-22.3
542,-22.69
543,-23.38
544,-21.79
545,-22.34
546,-22.72
547,-22.11
548,-21.74
549,-22.23
550,-23.45
551,-22.16
552,-22.0
553,-22.53
554,-22.01
555,-22.2
556,-21.67
557,-21.89
558,-22.0
559,-22.44
560,-22.92
561,-21.95
562,-23.57
563,-21.1
564,-22.51
565,-23.09
566,-21.46
567,-22.48
568,-23.82
569,-21.79
570,-22.69
571,-21.77
572,-22.93
573,-22.82
574,-22.14
575,-22.86
576,-22.4
577,-23.31
578,-22.04
579,-23.32
580,-22.74
581,-22.58
582,-22.92
583,-21.45
584,-22.89
585,-21.83
586,-22.63
587,-22.39
588,-21.73
589,-22.72
590,-22.42
591,-21.75
592,-21.79
593,-22.53
594,-22.28
595,-22.44
596,-22.6
597,-21.94
598,-22.07
599,-21.79
600,-21.98
601,-22.89
602,-22.55
603,-22.57
604,-22.89
605,-22.32
606,-22.85
607,-22.42
608,-23.15
609,-23.34
610,-22.16
611,-21.44
612,-21.97
613,-22.68
614,-21.88
615,-23.86
616,-22.22
617,-22.25
618,-23.61
619,-21.68
620,-23.11
621,-22.96
622,-22.26
623,-21.19
624,-21.34
625,-22.96
626,-22.4
627,-22.18
628,-22.39
629,-21.55
630,-21.88
631,-21.93
632,-22.26
633,-21.63
634,-22.56
635,-21.5
636,-22.11
637,-21.49
638,-22.4
639,-21.38
640,-21.28
641,-22.19
642,-22.35
643,-22.03
644,-22.76
645,-21.2
646,-21.15
647,-22.68
648,-22.32
649,-21.83
650,-21.98
651,-22.85
652,-22.77
653,-22.47
654,-22.31
655,-21.77
656,-21.33
657,-22.58
658,-21.59
659,-21.88
660,-22.66
661,-22.75
662,-22.04
663,-22.4
664,-22.27
665,-22.53
666,-22.94
667,-22.59
668,-22.54
669,-22.11
670,-21.99
671,-22.66
672,-22.11
673,-23.38
674,-22.04
675,-21.89
676,-21.57
677,-22.07
678,-22.9
679,-22.23
680,-22.8
681,-21.91
682,-21.61
683,-21.32
684,-22.27
685,-22.45
686,-22.14
687,-21.16
688,-21.51
689,-21.94
690,-22.12
691,-22.92
692,-21.9
693,-21.76
694,-21.85
695,-22.45
696,-21.28
697,-22.13
698,-22.73
699,-22.08
700,-22.26
701,-21.16
702,-21.9
703,-21.32
704,-22.51
705,-23.43
706,-21.67
707,-22.21
708,-21.82
709,-22.0
710,-22.32
711,-22.43
712,-21.45
713,-21.56
714,-22.45
715,-22.51
716,-23.11
717,-22.21
718,-22.35
719,-21.39
720,-21.84
721,-21.97
722,-21.48
723,-22.29
724,-21.85
725,-22.13
726,-22.45
727,-21.27
728,-22.21
729,-20.94
730,-22.94
731,-23.55
732,-20.97
733,-21.33
734,-20.81
735,-21.43
736,-21.51
737,-22.35
738,-21.5
739,-22.22
740,-21.47
741,-21.18
742,-21.54
743,-21.95
744,-22.44
745,-21.69
746,-21.65
747,-21.74
748,-21.51
749,-22.39
750,-21.79
751,-22.32
752,-21.19
753,-21.61
754,-21.84
755,-21.86
756,-21.91
757,-22.32
758,-21.85
759,-22.14
760,-21.29
761,-22.48
762,-21.7
763,-22.15
764,-21.66
765,-22.11
766,-21.54
767,-21.31
768,-21.32
769,-21.93
770,-21.84
771,-21.71
772,-21.96
773,-21.51
774,-21.49
775,-22.32
776,-22.24
777,-21.38
778,-21.81
779,-21.94
780,-21.28
781,-21.81
782,-22.45
783,-21.86
784,-22.42
785,-21.77
786,-20.44
787,-22.44
788,-22.14
789,-22.13
790,-21.33
791,-22.87
792,-20.94
793,-22.0
794,-21.52
795,-21.05
796,-21.96
797,-21.85
798,-21.89
799,-22.62
800,-21.58
801,-21.85
802,-22.38
803,-21.47
804,-21.71
805,-21.4
806,-22.25
807,-22.38
808,-22.23
809,-21.18
810,-22.18
811,-21.59
812,-21.64
813,-20.64
814,-21.47
815,-20.97
816,-22.07
817,-20.97
818,-21.33
819,-21.65
820,-21.94
821,-22.36
822,-21.04
823,-21.27
824,-22.17
825,-22.17
826,-21.31
827,-23.1
828,-22.62
829,-22.05
830,-21.56
831,-22.02
832,-21.61
833,-22.22
834,-21.51
835,-21.87
836,-21.64
837,-21.82
838,-21.83
839,-21.47
840,-20.65
841,-21.86
842,-21.49
843,-21.96
844,-22.09
845,-21.55
846,-21.64
847,-21.34
848,-21.44
849,-22.03
850,-21.46
851,-21.76
852,-20.95
853,-22.27
854,-21.75
855,-21.82
856,-21.64
857,-21.73
858,-22.04
859,-21.2
860,-21.83
861,-22.1
862,-21.31
863,-21.86
864,-22.64
865,-21.4
866,-21.63
867,-21.97
868,-22.0
869,-21.6
870,-21.45
871,-22.06
872,-21.98
873,-22.62
874,-21.69
875,-22.25
876,-21.07
877,-22.3
878,-22.1
879,-21.15
880,-21.28
881,-21.97
882,-21.65
883,-21.81
884,-23.03
885,-21.62
886,-21.5
887,-22.07
888,-21.14
889,-21.47
890,-21.72
891,-21.18
892,-22.72
893,-21.7
894,-22.64
895,-21.18
896,-21.84
897,-22.21
898,-21.63
899,-22.24
900,-21.07
901,-21.97
902,-21.91
903,-20.71
904,-21.87
905,-22.07
906,-22.46
907,-21.33
908,-22.19
909,-21.12
910,-20.89
911,-22.37
912,-21.8
913,-22.22
914,-21.19
915,-21.41
916,-22.01
917,-21.1
918,-22.02
919,-21.12
920,-21.97
921,-21.22
922,-21.88
923,-22.47
924,-21.98
925,-21.45
926,-21.23
927,-20.88
928,-21.93
929,-20.52
930,-21.52
931,-21.32
932,-21.73
933,-21.99
934,-20.42
935,-21.33
936,-22.08
937,-21.17
938,-22.79
939,-22.13
940,-21.98
941,-21.62
942,-21.62
943,-21.31
944,-21.38
945,-21.3
946,-21.16
947,-21.74
948,-22.05
949,-21.59
950,-21.85
951,-21.31
952,-20.85
953,-22.55
954,-21.34
955,-21.79
956,-21.77
957,-22.15
958,-23.0
959,-21.3
960,-21.02
961,-21.53
962,-22.1
963,-21.21
964,-20.83
965,-22.09
966,-22.46
967,-22.23
968,-21.88
969,-21.37
970,-21.47
971,-22.34
972,-21.41
973,-21.58
974,-22.57
975,-22.64
976,-21.72
977,-22.0
978,-22.08
979,-21.56
980,-21.33
981,-21.9
982,-21.05
983,-21.52
984,-22.19
985,-21.83
986,-22.17
987,-20.9
988,-21.68
989,-21.03
990,-21.15
991,-21.65
992,-21.55
993,-21.76
994,-22.42
995,-21.09
996,-21.18
997,-21.54
998,-21.92
999,-20.9
1000,-21.69
