1,-36.65
2,-36.87
3,-33.96
4,-31.94
5,-35.23
6,-36.48
7,-35.02
8,-35.36
9,-36.14
10,-34.56
11,-35.24
12,-33.7
13,-34.14
14,-36.11
15,-34.89
16,-35.72
17,-34.54
18,-35.51
19,-36.33
20,-37.93
21,-34.64
22,-34.06
23,-34.82
24,-33.47
25,-36.1
26,-37.28
27,-34.66
28,-36.19
29,-33.93
30,-35.53
31,-34.78
32,-38.56
33,-33.5
34,-33.92
35,-33.54
36,-33.56
37,-37.57
38,-38.77
39,-34.46
40,-36.0
41,-36.89
42,-33.77
43,-32.3
44,-35.72
45,-34.36
46,-37.55
47,-36.34
48,-34.26
49,-33.15
50,-34.23
51,-35.03
52,-34.03
53,-35.99
54,-34.85
55,-37.61
56,-33.28
57,-35.9
58,-33.31
59,-37.22
60,-37.96
61,-35.61
62,-37.01
63,-34.92
64,-33.45
65,-36.04
66,-36.45
67,-35.08
68,-32.82
69,-33.73
70,-32.24
71,-35.02
72,-35.16
73,-35.48
74,-37.35
75,-33.61
76,-34.16
77,-35.01
78,-37.76
79,-37.75
80,-37.68
81,-34.36
82,-36.11
83,-36.8
84,-34.43
85,-33.58
86,-33.75
87,-34.62
88,-35.18
89,-35.6
90,-31.91
91,-35.65
92,-32.5
93,-33.77
94,-38.95
95,-34.41
96,-34.38
97,-35.41
98,-34.52
99,-33.72
100,-35.43
101,-32.57
102,-34.93
103,-33.24
104,-35.65
105,-35.52
106,-35.53
107,-31.93
108,-33.97
109,-36.18
110,-36.42
111,-34.02
112,-34.53
113,-32.61
114,-33.93
115,-34.16
116,-35.18
117,-35.2
118,-36.74
119,-34.11
120,-38.02
121,-33.11
122,-34.13
123,-33.2
124,-34.04
125,-33.99
126,-35.1
127,-34.71
128,-35.55
129,-33.09
130,-32.72
131,-33.68
132,-35.34
133,-36.48
134,-30.81
135,-36.63
136,-31.73
137,-32.42
138,-32.73
139,-34.34
140,-35.53
141,-34.04
142,-38.91
143,-36.84
144,-33.13
145,-33.58
146,-37.1
147,-33.56
148,-34.48
149,-34.38
150,-37.56
151,-32.09
152,-32.69
153,-32.7
154,-34.8
155,-35.56
156,-36.6
157,-37.13
158,-34.89
159,-34.65
160,-35.11
161,-37.17
162,-35.32
163,-33.75
164,-35.91
165,-34.01
166,-34.58
167,-36.47
168,-34.05
169,-35.83
170,-36.21
171,-33.2
172,-34.59
173,-34.65
174,-33.29
175,-35.68
176,-35.04
177,-35.9
178,-34.18
179,-34.65
180,-32.7
181,-36.27
182,-35.03
183,-33.5
184,-32.27
185,-32.19
186,-34.72
187,-33.28
188,-32.79
189,-32.82
190,-35.28
191,-35.68
192,-35.66
193,-36.38
194,-36.85
195,-35.26
196,-36.37
197,-34.52
198,-35.47
199,-36.18
200,-32.27
201,-32.1
202,-31.73
203,-34.68
204,-34.65
205,-33.26
206,-32.82
207,-31.52
208,-33.1
209,-35.56
210,-33.99
211,-32.91
212,-34.79
213,-35.55
214,-33.03
215,-37.14
216,-34.59
217,-36.41
218,-37.58
219,-34.98
220,-34.42
221,-34.84
222,-36.67
223,-38.91
224,-35.78
225,-34.68
226,-33.01
227,-37.19
228,-36.69
229,-35.1
230,-33.48
231,-35.88
232,-34.27
233,-35.48
234,-34.84
235,-35.64
236,-35.41
237,-34.93
238,-31.51
239,-36.29
240,-34.71
241,-32.96
242,-34.94
243,-32.37
244,-36.19
245,-35.64
246,-33.95
247,-35.75
248,-33.97
249,-33.79
250,-34.42
251,-35.67
252,-39.98
253,-36.32
254,-32.7
255,-32.83
256,-35.7
257,-35.33
258,-36.71
259,-36.85
260,-35.81
261,-36.64
262,-35.81
263,-35.28
264,-34.62
265,-34.4
266,-32.27
267,-35.39
268,-33.67
269,-35.08
270,-34.05
271,-33.38
272,-36.55
273,-32.89
274,-36.44
275,-34.62
276,-37.33
277,-33.39
278,-34.49
279,-34.04
280,-35.91
281,-36.31
282,-33.91
283,-36.45
284,-36.78
285,-33.44
286,-37.81
287,-32.98
288,-34.22
289,-33.59
290,-36.69
291,-35.6
292,-35.45
293,-33.4
294,-35.75
295,-36.58
296,-33.86
297,-36.03
298,-33.65
299,-35.11
300,-37.29
301,-34.37
302,-33.18
303,-36.02
304,-33.98
305,-34.24
306,-32.71
307,-34.55
308,-37.04
309,-34.48
310,-35.4
311,-36.86
312,-34.06
313,-34.35
314,-33.44
315,-35.03
316,-33.84
317,-38.29
318,-33.02
319,-35.77
320,-32.12
321,-34.33
322,-34.33
323,-35.45
324,-35.28
325,-34.39
326,-33.27
327,-38.06
328,-36.35
329,-36.91
330,-33.5
331,-38.42
332,-36.07
333,-33.87
334,-31.8
335,-37.04
336,-33.39
337,-34.63
338,-37.52
339,-33.46
340,-35.91
341,-35.21
342,-35.19
343,-31.96
344,-33.29
345,-36.71
346,-34.02
347,-35.09
348,-33.09
349,-34.07
350,-35.65
351,-36.11
352,-35.82
353,-37.22
354,-35.98
355,-36.1
356,-34.41
357,-38.72
358,-32.96
359,-33.86
360,-35.92
361,-37.5
362,-32.71
363,-32.99
364,-36.47
365,-36.14
366,-36.02
367,-33.49
368,-35.79
369,-34.96
370,-34.97
371,-35.64
372,-35.45
373,-34.16
374,-34.97
375,-35.25
376,-36.35
377,-34.84
378,-35.36
379,-33.07
380,-35.62
381,-36.02
382,-33.12
383,-34.85
384,-36.58
385,-33.15
386,-38.32
387,-35.84
388,-37.08
389,-35.28
390,-38.18
391,-34.07
392,-34.61
393,-31.29
394,-36.1
395,-34.4
396,-35.94
397,-35.46
398,-33.97
399,-35.67
400,-33.69
401,-36.05
402,-32.39
403,-33.57
404,-31.43
405,-33.08
406,-34.68
407,-33.63
408,-37.37
409,-34.24
410,-33.75
411,-34.01
412,-35.81
413,-32.54
414,-35.66
415,-35.32
416,-35.02
417,-35.84
418,-32.71
419,-34.83
420,-32.83
421,-34.89
422,-33.11
423,-35.25
424,-34.72
425,-34.18
426,-34.71
427,-34.28
428,-37.24
429,-33.84
430,-35.52
431,-34.36
432,-35.21
433,-35.77
434,-33.09
435,-34.71
436,-34.9
437,-32.63
438,-33.6
439,-34.57
440,-34.82
441,-34.75
442,-29.02
443,-34.09
444,-34.9
445,-35.79
446,-36.1
447,-35.71
448,-34.16
449,-31.32
450,-37.08
451,-33.13
452,-34.58
453,-34.8
454,-35.65
455,-32.69
456,-33.74
457,-36.24
458,-36.0
459,-38.59
460,-35.5
461,-37.69
462,-37.25
463,-37.85
464,-31.5
465,-37.05
466,-37.32
467,-33.53
468,-33.75
469,-33.25
470,-34.87
471,-33.64
472,-35.18
473,-34.44
474,-36.39
475,-33.45
476,-36.99
477,-35.6
478,-33.26
479,-35.65
480,-33.29
481,-33.27
482,-37.33
483,-36.22
484,-36.82
485,-34.58
486,-34.15
487,-33.92
488,-34.78
489,-34.86
490,-34.01
491,-36.35
492,-39.59
493,-35.07
494,-34.28
495,-36.94
496,-32.91
497,-33.21
498,-36.13
499,-35.38
500,-33.29
501,-33.74
502,-34.38
503,-35.35
504,-34.04
505,-36.07
506,-36.09
507,-36.11
508,-35.0
509,-33.83
510,-33.34
511,-34.01
512,-35.32
513,-33.84
514,-33.84
515,-35.03
516,-35.88
517,-35.36
518,-37.34
519,-33.93
520,-37.06
521,-33.5
522,-35.05
523,-32.49
524,-37.94
525,-34.17
526,-33.31
527,-33.57
528,-37.83
529,-32.24
530,-33.43
531,-33.24
532,-34.07
533,-33.37
534,-32.88
535,-37.14
536,-36.66
537,-36.1
538,-33.59
539,-36.23
540,-34.46
541,-31.83
542,-33.25
543,-35.19
544,-34.56
545,-35.01
546,-36.85
547,-35.48
548,-37.12
549,-35.49
550,-34.49
551,-34.86
552,-36.99
553,-32.52
554,-35.22
555,-33.52
556,-36.38
557,-36.83
558,-36.95
559,-32.74
560,-37.61
561,-33.49
562,-38.79
563,-34.72
564,-29.44
565,-34.6
566,-35.4
567,-33.14
568,-35.94
569,-31.87
570,-35.61
571,-34.88
572,-32.67
573,-35.21
574,-32.77
575,-33.16
576,-35.46
577,-36.35
578,-33.15
579,-36.77
580,-36.57
581,-34.62
582,-35.79
583,-34.65
584,-32.77
585,-34.52
586,-33.93
587,-35.94
588,-34.15
589,-34.77
590,-36.1
591,-36.89
592,-33.44
593,-34.57
594,-35.13
595,-34.1
596,-34.77
597,-33.7
598,-37.46
599,-35.94
600,-31.98
601,-32.75
602,-35.59
603,-36.04
604,-33.85
605,-36.18
606,-31.66
607,-34.25
608,-34.85
609,-34.26
610,-34.72
611,-34.74
612,-34.95
613,-35.04
614,-34.54
615,-35.41
616,-34.53
617,-34.85
618,-36.93
619,-38.35
620,-34.27
621,-35.95
622,-36.55
623,-34.99
624,-34.78
625,-34.3
626,-36.08
627,-36.99
628,-32.77
629,-34.48
630,-37.19
631,-36.05
632,-34.1
633,-34.47
634,-35.98
635,-35.78
636,-30.9
637,-33.68
638,-35.67
639,-32.74
640,-32.09
641,-34.45
642,-31.25
643,-32.54
644,-35.2
645,-35.85
646,-34.06
647,-36.35
648,-35.41
649,-34.17
650,-35.98
651,-35.3
652,-35.33
653,-35.14
654,-35.09
655,-36.76
656,-33.0
657,-35.67
658,-31.92
659,-36.03
660,-33.98
661,-35.93
662,-34.01
663,-35.19
664,-34.19
665,-35.2
666,-33.54
667,-36.36
668,-35.24
669,-39.9
670,-37.01
671,-33.67
672,-33.0
673,-32.12
674,-33.34
675,-33.45
676,-32.74
677,-36.43
678,-32.71
679,-35.36
680,-36.73
681,-33.88
682,-33.04
683,-34.16
684,-35.52
685,-33.46
686,-33.86
687,-33.47
688,-33.56
689,-35.55
690,-33.45
691,-33.91
692,-34.8
693,-31.63
694,-34.17
695,-33.87
696,-33.38
697,-36.5
698,-34.86
699,-35.89
700,-34.51
701,-31.73
702,-34.88
703,-32.12
704,-34.87
705,-34.67
706,-36.2
707,-33.42
708,-33.07
709,-35.73
710,-36.79
711,-39.18
712,-34.53
713,-32.3
714,-35.67
715,-34.53
716,-35.15
717,-34.15
718,-33.79
719,-34.83
720,-32.27
721,-33.29
722,-33.86
723,-36.25
724,-33.76
725,-32.51
726,-34.7
727,-36.15
728,-34.09
729,-32.89
730,-34.2
731,-36.61
732,-35.08
733,-33.82
734,-35.34
735,-34.11
736,-33.88
737,-35.18
738,-34.52
739,-35.96
740,-33.47
741,-36.18
742,-37.99
743,-31.45
744,-35.38
745,-34.96
746,-35.42
747,-34.07
748,-33.74
749,-34.72
750,-36.7
751,-33.85
752,-35.02
753,-33.42
754,-33.46
755,-31.94
756,-35.64
757,-32.58
758,-32.56
759,-33.17
760,-34.98
761,-36.63
762,-33.96
763,-33.94
764,-34.22
765,-36.78
766,-33.02
767,-35.74
768,-35.57
769,-34.01
770,-36.33
771,-34.35
772,-36.46
773,-34.59
774,-35.1
775,-34.86
776,-34.33
777,-31.82
778,-33.0
779,-33.96
780,-34.1
781,-32.68
782,-34.76
783,-35.05
784,-32.92
785,-32.34
786,-31.91
787,-38.39
788,-33.73
789,-31.84
790,-34.98
791,-36.18
792,-36.27
793,-33.82
794,-34.47
795,-36.34
796,-34.54
797,-38.52
798,-34.73
799,-32.91
800,-37.79
801,-38.85
802,-36.53
803,-37.68
804,-33.6
805,-35.17
806,-34.37
807,-37.17
808,-34.66
809,-33.41
810,-32.71
811,-34.73
812,-35.72
813,-36.45
814,-35.19
815,-34.03
816,-33.77
817,-34.24
818,-32.97
819,-34.02
820,-36.94
821,-34.45
822,-34.98
823,-33.9
824,-31.37
825,-33.58
826,-30.16
827,-35.93
828,-30.71
829,-35.28
830,-35.07
831,-31.54
832,-34.74
833,-34.15
834,-33.96
835,-34.14
836,-34.31
837,-35.88
838,-35.43
839,-34.74
840,-34.43
841,-35.26
842,-30.76
843,-33.63
844,-34.22
845,-34.72
846,-33.06
847,-33.49
848,-34.73
849,-36.98
850,-33.5
851,-33.02
852,-34.95
853,-31.28
854,-35.64
855,-37.69
856,-31.29
857,-33.87
858,-33.34
859,-35.11
860,-33.29
861,-34.1
862,-34.03
863,-32.83
864,-33.54
865,-33.58
866,-35.86
867,-34.45
868,-36.8
869,-30.76
870,-33.81
871,-31.28
872,-35.38
873,-32.23
874,-35.76
875,-33.87
876,-35.53
877,-33.03
878,-33.22
879,-35.74
880,-35.06
881,-32.59
882,-32.18
883,-34.81
884,-34.72
885,-35.59
886,-33.68
887,-33.45
888,-32.91
889,-32.21
890,-33.32
891,-33.31
892,-33.36
893,-33.35
894,-33.55
895,-33.52
896,-33.09
897,-31.58
898,-38.03
899,-33.03
900,-32.49
901,-34.01
902,-33.05
903,-35.63
904,-32.88
905,-30.96
906,-33.57
907,-35.14
908,-34.7
909,-33.4
910,-33.49
911,-33.58
912,-31.08
913,-32.51
914,-34.73
915,-31.99
916,-33.36
917,-32.42
918,-31.27
919,-33.18
920,-36.2
921,-36.15
922,-35.78
923,-32.7
924,-32.84
925,-33.22
926,-34.14
927,-33.75
928,-32.98
929,-34.19
930,-35.17
931,-35.61
932,-39.05
933,-35.38
934,-33.73
935,-35.96
936,-33.43
937,-35.33
938,-32.97
939,-32.36
940,-33.98
941,-34.1
942,-31.49
943,-31.94
944,-32.93
945,-33.39
946,-34.03
947,-32.47
948,-31.04
949,-35.25
950,-33.67
951,-31.66
952,-32.83
953,-31.91
954,-34.73
955,-35.67
956,-30.53
957,-32.92
958,-33.46
959,-30.52
960,-34.34
961,-35.71
962,-33.62
963,-36.49
964,-34.92
965,-35.21
966,-31.75
967,-34.69
968,-34.14
969,-29.21
970,-35.37
971,-34.49
972,-33.45
973,-32.34
974,-38.17
975,-31.62
976,-33.35
977,-36.67
978,-34.44
979,-34.58
980,-32.98
981,-35.14
982,-37.52
983,-32.98
984,-33.84
985,-32.63
986,-32.25
987,-34.86
988,-33.94
989,-37.36
990,-33.85
991,-32.67
992,-31.24
993,-30.83
994,-33.96
995,-31.52
996,-32.62
997,-34.64
998,-32.67
999,-34.85
1000,-32.89
