1,-34.98
2,-31.13
3,-34.51
4,-31.97
5,-31.95
6,-33.52
7,-32.56
8,-33.0
9,-32.35
10,-31.91
11,-33.53
12,-32.85
13,-32.63
14,-31.8
15,-32.33
16,-32.39
17,-32.38
18,-30.89
19,-31.63
20,-30.9
21,-30.16
22,-33.67
23,-33.59
24,-32.81
25,-35.74
26,-33.44
27,-31.63
28,-32.13
29,-28.12
30,-34.23
31,-30.34
32,-32.41
33,-33.56
34,-34.51
35,-35.97
36,-31.49
37,-33.25
38,-32.23
39,-30.41
40,-32.32
41,-32.72
42,-32.23
43,-32.17
44,-31.89
45,-29.96
46,-30.68
47,-32.07
48,-29.94
49,-31.64
50,-32.29
51,-31.52
52,-31.96
53,-32.42
54,-32.5
55,-30.85
56,-30.63
57,-32.18
58,-33.42
59,-33.42
60,-32.68
61,-32.56
62,-32.12
63,-34.91
64,-33.94
65,-30.27
66,-33.53
67,-32.33
68,-32.44
69,-30.81
70,-29.54
71,-30.71
72,-31.46
73,-30.63
74,-29.61
75,-32.74
76,-32.41
77,-31.23
78,-29.9
79,-32.95
80,-27.65
81,-32.17
82,-28.41
83,-32.33
84,-32.15
85,-31.42
86,-33.99
87,-31.77
88,-31.7
89,-31.92
90,-30.44
91,-32.18
92,-29.67
93,-33.88
94,-28.26
95,-31.89
96,-31.37
97,-27.85
98,-30.92
99,-31.46
100,-33.33
101,-32.3
102,-33.31
103,-31.79
104,-32.33
105,-32.02
106,-27.99
107,-30.78
108,-32.5
109,-31.76
110,-32.4
111,-31.32
112,-32.29
113,-33.32
114,-27.36
115,-29.41
116,-30.62
117,-31.72
118,-29.82
119,-32.58
120,-31.37
121,-30.02
122,-30.68
123,-31.56
124,-31.9
125,-27.98
126,-32.55
127,-29.32
128,-30.56
129,-30.07
130,-34.2
131,-34.28
132,-32.24
133,-31.68
134,-32.75
135,-30.79
136,-29.98
137,-31.33
138,-31.59
139,-28.69
140,-32.05
141,-29.84
142,-29.8
143,-29.89
144,-30.53
145,-31.56
146,-31.66
147,-30.31
148,-30.2
149,-30.6
150,-33.81
151,-30.84
152,-32.67
153,-30.81
154,-28.57
155,-30.8
156,-31.88
157,-28.54
158,-32.33
159,-31.27
160,-32.3
161,-32.29
162,-30.64
163,-27.83
164,-30.58
165,-32.15
166,-30.96
167,-31.11
168,-31.0
169,-30.31
170,-32.0
171,-27.76
172,-30.3
173,-33.56
174,-31.25
175,-31.76
176,-32.32
177,-30.34
178,-28.7
179,-32.8
180,-30.13
181,-29.48
182,-33.33
183,-32.56
184,-33.62
185,-31.21
186,-30.81
187,-31.34
188,-30.94
189,-30.81
190,-30.55
191,-29.67
192,-31.28
193,-30.35
194,-32.46
195,-28.71
196,-29.85
197,-30.45
198,-29.67
199,-32.76
200,-32.26
201,-28.87
202,-30.8
203,-31.72
204,-29.97
205,-29.19
206,-27.33
207,-31.58
208,-28.66
209,-30.88
210,-27.82
211,-27.73
212,-31.77
213,-29.59
214,-31.97
215,-31.05
216,-32.11
217,-31.09
218,-30.63
219,-28.75
220,-32.79
221,-29.98
222,-31.77
223,-30.97
224,-31.92
225,-31.07
226,-28.99
227,-28.18
228,-29.53
229,-29.44
230,-30.35
231,-29.18
232,-30.64
233,-29.61
234,-28.84
235,-28.5
236,-29.8
237,-31.66
238,-28.66
239,-31.54
240,-27.63
241,-28.7
242,-30.66
243,-31.37
244,-27.98
245,-30.29
246,-28.73
247,-30.69
248,-31.97
249,-27.94
250,-29.57
251,-28.5
252,-29.37
253,-31.73
254,-29.24
255,-30.2
256,-33.76
257,-29.37
258,-30.13
259,-32.53
260,-30.54
261,-29.8
262,-31.35
263,-29.98
264,-29.75
265,-28.91
266,-30.86
267,-30.87
268,-33.03
269,-29.17
270,-31.65
271,-32.48
272,-30.33
273,-30.75
274,-31.15
275,-29.98
276,-30.13
277,-27.45
278,-28.28
279,-29.5
280,-28.84
281,-29.12
282,-28.3
283,-28.27
284,-29.01
285,-28.97
286,-28.63
287,-28.69
288,-30.8
289,-30.52
290,-31.25
291,-29.42
292,-29.17
293,-28.72
294,-30.92
295,-29.17
296,-30.33
297,-29.49
298,-30.1
299,-30.63
300,-29.04
301,-30.3
302,-28.62
303,-30.44
304,-28.44
305,-30.57
306,-29.07
307,-30.47
308,-29.33
309,-32.78
310,-28.83
311,-28.97
312,-28.29
313,-29.1
314,-29.14
315,-29.69
316,-28.55
317,-29.87
318,-30.49
319,-30.58
320,-30.83
321,-28.2
322,-27.42
323,-30.02
324,-30.16
325,-30.96
326,-28.37
327,-30.63
328,-28.94
329,-30.39
330,-29.46
331,-30.01
332,-29.65
333,-28.8
334,-29.47
335,-30.29
336,-28.78
337,-29.64
338,-28.5
339,-31.38
340,-30.83
341,-29.98
342,-29.7
343,-28.77
344,-32.05
345,-27.4
346,-28.37
347,-28.57
348,-29.68
349,-29.56
350,-29.37
351,-29.4
352,-30.95
353,-31.64
354,-27.83
355,-30.12
356,-28.86
357,-29.87
358,-31.05
359,-29.67
360,-30.5
361,-28.32
362,-29.3
363,-28.94
364,-28.25
365,-28.7
366,-28.59
367,-29.92
368,-29.76
369,-26.85
370,-27.39
371,-31.43
372,-29.96
373,-29.02
374,-29.02
375,-28.91
376,-27.0
377,-27.47
378,-28.18
379,-31.98
380,-30.68
381,-30.24
382,-29.66
383,-29.64
384,-31.39
385,-28.03
386,-29.66
387,-26.95
388,-28.35
389,-29.09
390,-27.69
391,-30.05
392,-30.21
393,-30.64
394,-28.19
395,-28.17
396,-30.95
397,-29.39
398,-30.11
399,-27.21
400,-26.97
401,-28.66
402,-29.37
403,-28.14
404,-28.12
405,-29.72
406,-30.84
407,-29.76
408,-28.5
409,-29.27
410,-29.17
411,-29.68
412,-30.13
413,-29.14
414,-29.42
415,-28.77
416,-29.59
417,-28.22
418,-28.1
419,-26.28
420,-31.43
421,-26.73
422,-31.14
423,-28.3
424,-27.69
425,-28.1
426,-29.55
427,-24.72
428,-26.59
429,-29.6
430,-26.86
431,-28.94
432,-29.53
433,-28.27
434,-29.79
435,-30.59
436,-28.81
437,-28.7
438,-28.5
439,-27.53
440,-28.82
441,-29.63
442,-27.64
443,-27.55
444,-29.33
445,-27.83
446,-26.7
447,-28.77
448,-28.62
449,-28.37
450,-28.37
451,-28.92
452,-27.41
453,-29.65
454,-27.31
455,-28.59
456,-27.57
457,-29.27
458,-26.65
459,-27.05
460,-28.37
461,-26.82
462,-28.73
463,-26.57
464,-26.97
465,-29.13
466,-29.0
467,-28.17
468,-28.85
469,-28.21
470,-28.63
471,-28.17
472,-28.37
473,-30.69
474,-25.93
475,-26.94
476,-29.51
477,-28.83
478,-26.29
479,-29.22
480,-27.42
481,-28.02
482,-27.99
483,-25.41
484,-30.07
485,-25.98
486,-29.97
487,-31.16
488,-29.58
489,-30.33
490,-27.47
491,-29.62
492,-27.72
493,-27.54
494,-29.81
495,-30.63
496,-27.2
497,-29.09
498,-28.03
499,-29.41
500,-27.15
501,-29.37
502,-28.16
503,-27.44
504,-27.48
505,-28.24
506,-26.95
507,-29.53
508,-27.8
509,-26.68
510,-27.32
511,-29.17
512,-28.72
513,-27.8
514,-26.4
515,-29.74
516,-28.44
517,-27.35
518,-27.9
519,-30.15
520,-28.4
521,-28.47
522,-28.4
523,-27.75
524,-26.32
525,-27.04
526,-27.6
527,-27.61
528,-29.08
529,-29.12
530,-27.53
531,-28.0
532,-27.23
533,-26.78
534,-28.31
535,-27.48
536,-25.77
537,-28.56
538,-28.66
539,-29.01
540,-28.89
541,-28.77
542,-28.1
543,-29.47
544,-29.5
545,-27.14
546,-26.83
547,-28.26
548,-25.45
549,-26.55
550,-27.55
551,-28.64
552,-29.03
553,-27.03
554,-29.94
555,-27.87
556,-28.32
557,-27.7
558,-26.43
559,-28.02
560,-27.03
561,-27.61
562,-27.2
563,-28.34
564,-27.97
565,-28.02
566,-29.46
567,-29.39
568,-27.33
569,-28.05
570,-28.97
571,-29.26
572,-29.16
573,-27.97
574,-29.77
575,-28.88
576,-26.15
577,-27.28
578,-28.27
579,-28.59
580,-28.17
581,-30.02
582,-24.12
583,-29.06
584,-28.38
585,-27.26
586,-29.63
587,-27.02
588,-29.65
589,-26.73
590,-28.88
591,-27.09
592,-27.35
593,-27.28
594,-26.98
595,-28.03
596,-26.77
597,-30.09
598,-30.18
599,-28.02
600,-28.08
601,-27.37
602,-26.46
603,-27.47
604,-29.24
605,-27.62
606,-26.32
607,-25.63
608,-28.39
609,-27.21
610,-27.26
611,-28.5
612,-27.51
613,-26.11
614,-28.03
615,-27.39
616,-28.54
617,-26.68
618,-27.48
619,-25.87
620,-26.55
621,-24.34
622,-28.82
623,-25.56
624,-27.25
625,-25.15
626,-25.57
627,-28.93
628,-27.75
629,-28.59
630,-29.07
631,-29.62
632,-26.46
633,-29.56
634,-28.55
635,-27.08
636,-27.97
637,-29.23
638,-27.13
639,-28.92
640,-28.0
641,-27.81
642,-27.94
643,-30.76
644,-28.48
645,-29.48
646,-28.56
647,-28.87
648,-28.53
649,-27.55
650,-27.72
651,-26.38
652,-27.03
653,-25.09
654,-27.15
655,-27.18
656,-27.36
657,-24.39
658,-27.8
659,-25.97
660,-27.63
661,-28.47
662,-27.68
663,-28.23
664,-27.74
665,-26.45
666,-28.01
667,-27.47
668,-25.26
669,-26.54
670,-27.43
671,-28.42
672,-26.45
673,-27.96
674,-27.1
675,-28.36
676,-28.23
677,-29.45
678,-28.35
679,-26.65
680,-26.24
681,-24.44
682,-27.06
683,-28.23
684,-26.14
685,-25.59
686,-27.25
687,-28.54
688,-28.66
689,-27.03
690,-28.95
691,-27.67
692,-27.82
693,-28.15
694,-29.91
695,-26.1
696,-27.94
697,-26.22
698,-27.04
699,-27.34
700,-25.9
701,-25.77
702,-26.39
703,-27.54
704,-26.69
705,-26.42
706,-27.77
707,-26.92
708,-27.15
709,-27.83
710,-27.04
711,-25.41
712,-29.61
713,-27.82
714,-27.39
715,-27.34
716,-24.3
717,-27.54
718,-26.94
719,-26.83
720,-25.76
721,-27.12
722,-25.11
723,-26.13
724,-26.3
725,-28.33
726,-27.71
727,-25.97
728,-26.57
729,-29.01
730,-27.46
731,-26.62
732,-27.99
733,-27.17
734,-25.33
735,-28.58
736,-25.45
737,-27.14
738,-26.73
739,-26.8
740,-27.25
741,-27.83
742,-26.81
743,-27.19
744,-25.46
745,-30.9
746,-26.19
747,-25.77
748,-26.28
749,-28.39
750,-27.2
751,-27.06
752,-27.51
753,-27.66
754,-24.49
755,-27.34
756,-29.99
757,-27.49
758,-28.33
759,-26.14
760,-24.36
761,-26.83
762,-29.72
763,-27.0
764,-26.14
765,-27.19
766,-26.4
767,-24.97
768,-26.08
769,-26.98
770,-25.4
771,-28.82
772,-25.88
773,-26.6
774,-27.63
775,-28.24
776,-24.92
777,-26.33
778,-28.13
779,-28.72
780,-28.8
781,-27.92
782,-26.93
783,-27.48
784,-28.0
785,-29.77
786,-27.42
787,-28.85
788,-27.28
789,-28.03
790,-24.88
791,-26.41
792,-26.11
793,-27.04
794,-26.63
795,-27.28
796,-27.99
797,-29.4
798,-25.01
799,-27.54
800,-25.94
801,-28.25
802,-25.98
803,-26.88
804,-27.09
805,-26.61
806,-28.45
807,-27.26
808,-28.2
809,-28.17
810,-24.74
811,-26.5
812,-25.12
813,-26.48
814,-28.73
815,-27.7
816,-27.75
817,-26.04
818,-28.67
819,-28.56
820,-27.12
821,-29.73
822,-24.18
823,-25.36
824,-30.62
825,-28.62
826,-29.5
827,-25.39
828,-28.51
829,-27.25
830,-28.15
831,-27.29
832,-26.45
833,-29.81
834,-27.99
835,-27.8
836,-31.31
837,-26.36
838,-27.76
839,-29.32
840,-28.57
841,-29.21
842,-27.67
843,-27.62
844,-27.64
845,-29.68
846,-28.41
847,-24.64
848,-27.8
849,-26.59
850,-26.42
851,-27.46
852,-28.67
853,-27.51
854,-27.69
855,-28.22
856,-27.56
857,-26.53
858,-27.38
859,-29.81
860,-27.66
861,-29.43
862,-27.48
863,-26.53
864,-28.64
865,-26.37
866,-27.4
867,-28.45
868,-26.18
869,-26.63
870,-26.13
871,-26.87
872,-25.26
873,-29.68
874,-26.95
875,-26.61
876,-26.34
877,-29.44
878,-25.78
879,-25.84
880,-27.97
881,-27.39
882,-26.08
883,-27.9
884,-28.38
885,-25.16
886,-27.53
887,-27.96
888,-27.96
889,-25.21
890,-25.7
891,-25.28
892,-26.12
893,-27.78
894,-25.82
895,-26.11
896,-27.87
897,-27.24
898,-24.93
899,-25.68
900,-30.13
901,-26.5
902,-26.3
903,-26.64
904,-27.4
905,-27.67
906,-27.07
907,-26.71
908,-25.13
909,-26.02
910,-25.9
911,-26.83
912,-26.88
913,-25.92
914,-29.69
915,-26.83
916,-28.12
917,-25.65
918,-26.08
919,-28.84
920,-26.66
921,-27.12
922,-28.68
923,-24.92
924,-27.5
925,-27.87
926,-26.32
927,-26.88
928,-22.76
929,-27.39
930,-26.21
931,-25.33
932,-26.52
933,-26.27
934,-26.56
935,-26.24
936,-26.77
937,-25.69
938,-27.25
939,-26.74
940,-27.35
941,-26.53
942,-25.63
943,-25.52
944,-25.55
945,-26.68
946,-27.71
947,-26.1
948,-27.55
949,-25.14
950,-24.57
951,-26.76
952,-26.91
953,-23.81
954,-27.9
955,-26.54
956,-24.37
957,-24.73
958,-26.17
959,-25.73
960,-26.17
961,-25.62
962,-26.27
963,-26.78
964,-25.71
965,-27.3
966,-29.19
967,-27.16
968,-26.76
969,-26.04
970,-27.86
971,-24.88
972,-24.78
973,-25.72
974,-26.6
975,-26.06
976,-26.41
977,-25.47
978,-26.4
979,-26.97
980,-27.5
981,-25.53
982,-26.5
983,-27.91
984,-28.07
985,-24.96
986,-24.7
987,-26.25
988,-28.43
989,-27.22
990,-27.48
991,-26.97
992,-26.01
993,-27.94
994,-27.37
995,-26.88
996,-26.5
997,-26.97
998,-27.66
999,-27.32
1000,-28.66
