1,-30.29
2,-31.89
3,-32.59
4,-33.01
5,-32.26
6,-30.69
7,-30.79
8,-34.87
9,-29.97
10,-31.03
11,-32.41
12,-29.59
13,-31.71
14,-31.38
15,-30.62
16,-34.99
17,-30.98
18,-32.42
19,-32.23
20,-29.61
21,-32.27
22,-34.22
23,-32.45
24,-32.69
25,-31.88
26,-32.99
27,-29.17
28,-30.93
29,-29.84
30,-31.74
31,-32.2
32,-28.45
33,-33.19
34,-32.16
35,-31.41
36,-28.54
37,-33.28
38,-32.82
39,-29.66
40,-31.58
41,-36.92
42,-35.03
43,-28.71
44,-31.61
45,-30.04
46,-30.68
47,-31.86
48,-30.1
49,-29.28
50,-32.17
51,-31.25
52,-30.92
53,-32.35
54,-32.06
55,-31.05
56,-30.05
57,-33.38
58,-33.02
59,-30.62
60,-30.3
61,-32.59
62,-33.16
63,-33.32
64,-35.27
65,-30.48
66,-33.29
67,-34.86
68,-31.3
69,-32.02
70,-34.41
71,-32.45
72,-32.08
73,-33.36
74,-32.26
75,-32.47
76,-30.8
77,-31.53
78,-31.94
79,-31.02
80,-33.94
81,-33.35
82,-30.17
83,-33.9
84,-30.93
85,-32.27
86,-32.14
87,-33.35
88,-34.82
89,-31.93
90,-32.63
91,-30.53
92,-31.82
93,-33.72
94,-31.55
95,-32.64
96,-30.72
97,-32.39
98,-31.38
99,-31.8
100,-29.76
101,-31.29
102,-29.49
103,-30.94
104,-28.41
105,-31.53
106,-28.95
107,-32.79
108,-29.14
109,-30.28
110,-31.83
111,-32.76
112,-30.78
113,-29.54
114,-29.56
115,-30.41
116,-30.28
117,-28.23
118,-29.83
119,-32.15
120,-30.84
121,-30.22
122,-32.43
123,-28.71
124,-30.34
125,-31.51
126,-28.7
127,-31.48
128,-32.89
129,-31.88
130,-32.09
131,-32.39
132,-33.19
133,-33.28
134,-29.1
135,-29.53
136,-30.13
137,-31.12
138,-32.25
139,-29.97
140,-33.23
141,-30.98
142,-30.64
143,-33.05
144,-28.56
145,-32.17
146,-33.81
147,-30.88
148,-31.28
149,-31.07
150,-30.92
151,-31.85
152,-30.23
153,-31.19
154,-30.44
155,-29.81
156,-31.55
157,-28.97
158,-28.51
159,-29.05
160,-31.72
161,-31.14
162,-31.76
163,-31.07
164,-30.41
165,-32.76
166,-30.47
167,-25.22
168,-29.91
169,-28.08
170,-28.22
171,-31.43
172,-28.91
173,-30.95
174,-30.41
175,-30.93
176,-29.56
177,-29.22
178,-29.45
179,-31.98
180,-29.11
181,-27.99
182,-29.68
183,-33.58
184,-30.37
185,-29.3
186,-30.34
187,-30.47
188,-29.49
189,-27.88
190,-29.45
191,-26.89
192,-28.85
193,-32.38
194,-29.92
195,-27.91
196,-28.59
197,-26.82
198,-30.55
199,-29.72
200,-33.36
201,-32.19
202,-32.28
203,-30.22
204,-31.14
205,-28.74
206,-30.72
207,-31.33
208,-28.33
209,-31.45
210,-29.09
211,-28.83
212,-29.49
213,-30.54
214,-29.81
215,-30.68
216,-30.66
217,-30.2
218,-30.23
219,-30.83
220,-31.37
221,-33.02
222,-31.31
223,-32.62
224,-29.83
225,-31.44
226,-28.49
227,-31.0
228,-31.4
229,-31.71
230,-30.69
231,-32.73
232,-28.17
233,-31.26
234,-28.05
235,-30.27
236,-30.18
237,-28.45
238,-28.97
239,-31.09
240,-30.28
241,-27.28
242,-29.48
243,-29.11
244,-29.46
245,-26.83
246,-26.48
247,-27.26
248,-28.48
249,-28.84
250,-29.56
251,-25.92
252,-27.61
253,-27.94
254,-32.48
255,-26.29
256,-30.23
257,-26.83
258,-28.64
259,-29.1
260,-29.01
261,-30.92
262,-29.91
263,-30.05
264,-29.26
265,-27.89
266,-31.4
267,-32.3
268,-30.8
269,-30.69
270,-29.23
271,-29.47
272,-30.7
273,-27.95
274,-30.08
275,-29.68
276,-31.68
277,-29.31
278,-30.71
279,-29.52
280,-29.11
281,-28.27
282,-29.45
283,-27.31
284,-31.89
285,-32.09
286,-28.31
287,-28.16
288,-29.38
289,-32.01
290,-29.49
291,-29.18
292,-30.97
293,-30.52
294,-30.66
295,-28.49
296,-31.55
297,-31.4
298,-28.33
299,-30.57
300,-28.94
301,-28.25
302,-28.51
303,-28.94
304,-29.69
305,-29.63
306,-30.24
307,-31.46
308,-28.05
309,-31.74
310,-29.92
311,-28.75
312,-31.31
313,-26.1
314,-31.6
315,-29.37
316,-29.22
317,-30.56
318,-31.56
319,-28.12
320,-30.41
321,-28.99
322,-31.8
323,-32.37
324,-30.43
325,-27.0
326,-28.89
327,-32.29
328,-31.33
329,-27.82
330,-32.01
331,-28.61
332,-27.99
333,-29.82
334,-32.59
335,-29.35
336,-28.89
337,-27.81
338,-30.77
339,-29.37
340,-30.74
341,-31.64
342,-31.85
343,-27.9
344,-29.89
345,-32.0
346,-29.48
347,-31.58
348,-30.65
349,-28.87
350,-30.47
351,-30.97
352,-28.75
353,-31.35
354,-28.57
355,-27.84
356,-27.96
357,-30.22
358,-29.95
359,-29.81
360,-32.2
361,-31.01
362,-30.12
363,-29.26
364,-32.16
365,-28.26
366,-29.03
367,-31.0
368,-32.21
369,-34.4
370,-28.49
371,-28.36
372,-32.22
373,-28.99
374,-31.55
375,-32.74
376,-31.66
377,-31.34
378,-30.67
379,-31.48
380,-32.26
381,-27.51
382,-31.51
383,-31.6
384,-28.11
385,-30.04
386,-30.59
387,-30.31
388,-30.95
389,-30.11
390,-29.77
391,-29.03
392,-32.77
393,-28.34
394,-27.51
395,-27.72
396,-31.89
397,-32.03
398,-30.93
399,-33.26
400,-31.18
401,-29.65
402,-30.23
403,-29.91
404,-28.88
405,-31.48
406,-29.97
407,-28.84
408,-28.94
409,-30.18
410,-30.02
411,-27.38
412,-28.91
413,-27.39
414,-29.18
415,-31.04
416,-28.62
417,-28.46
418,-28.75
419,-28.37
420,-27.23
421,-27.71
422,-26.97
423,-26.09
424,-28.29
425,-27.51
426,-27.87
427,-28.08
428,-28.54
429,-26.79
430,-25.47
431,-29.27
432,-28.0
433,-26.14
434,-26.9
435,-29.63
436,-28.89
437,-26.3
438,-28.89
439,-26.58
440,-29.84
441,-29.84
442,-28.53
443,-27.87
444,-29.01
445,-29.1
446,-26.59
447,-28.4
448,-26.48
449,-29.73
450,-28.9
451,-26.76
452,-28.3
453,-27.79
454,-28.65
455,-26.17
456,-27.76
457,-28.48
458,-25.52
459,-28.69
460,-27.11
461,-29.86
462,-25.48
463,-28.99
464,-26.54
465,-28.56
466,-29.7
467,-28.74
468,-27.43
469,-29.71
470,-31.65
471,-26.19
472,-27.41
473,-26.51
474,-28.65
475,-26.68
476,-26.18
477,-29.59
478,-28.29
479,-29.56
480,-28.09
481,-30.51
482,-28.98
483,-25.28
484,-27.02
485,-27.21
486,-28.24
487,-27.54
488,-28.78
489,-28.09
490,-26.35
491,-26.15
492,-27.1
493,-28.4
494,-27.87
495,-28.87
496,-27.7
497,-30.47
498,-30.59
499,-29.1
500,-30.48
501,-28.24
502,-29.23
503,-27.81
504,-28.61
505,-28.11
506,-30.07
507,-27.05
508,-25.83
509,-32.51
510,-30.89
511,-28.01
512,-31.71
513,-26.88
514,-28.16
515,-27.84
516,-29.12
517,-31.96
518,-28.27
519,-31.64
520,-27.57
521,-29.61
522,-28.89
523,-27.75
524,-28.34
525,-29.25
526,-30.88
527,-30.07
528,-30.81
529,-26.96
530,-29.26
531,-29.85
532,-28.72
533,-30.49
534,-31.18
535,-28.32
536,-29.57
537,-29.96
538,-31.87
539,-31.29
540,-29.18
541,-27.27
542,-27.61
543,-31.16
544,-29.98
545,-29.18
546,-30.75
547,-30.77
548,-29.71
549,-29.38
550,-31.63
551,-28.36
552,-32.77
553,-30.29
554,-28.4
555,-28.09
556,-28.89
557,-29.94
558,-26.67
559,-30.04
560,-28.38
561,-27.84
562,-30.25
563,-28.23
564,-27.37
565,-28.86
566,-29.81
567,-28.26
568,-28.9
569,-26.74
570,-26.2
571,-28.94
572,-28.76
573,-28.37
574,-28.35
575,-28.16
576,-27.98
577,-27.95
578,-30.14
579,-29.21
580,-30.09
581,-29.49
582,-29.0
583,-27.52
584,-30.32
585,-28.24
586,-30.33
587,-29.65
588,-28.25
589,-28.18
590,-28.54
591,-29.52
592,-26.42
593,-28.73
594,-27.01
595,-28.01
596,-28.12
597,-28.48
598,-27.34
599,-27.82
600,-28.91
601,-29.34
602,-27.2
603,-29.14
604,-30.86
605,-29.48
606,-27.71
607,-29.47
608,-30.2
609,-29.68
610,-29.72
611,-29.22
612,-28.43
613,-28.57
614,-30.35
615,-30.48
616,-27.68
617,-26.64
618,-29.05
619,-28.67
620,-30.59
621,-28.9
622,-29.01
623,-27.53
624,-30.13
625,-30.56
626,-30.8
627,-27.36
628,-28.6
629,-27.76
630,-29.25
631,-28.66
632,-29.55
633,-28.62
634,-29.5
635,-31.06
636,-28.29
637,-29.06
638,-31.07
639,-27.37
640,-28.52
641,-29.04
642,-28.56
643,-28.38
644,-27.1
645,-30.96
646,-28.43
647,-30.46
648,-29.14
649,-29.75
650,-27.13
651,-29.56
652,-28.91
653,-29.48
654,-27.9
655,-30.55
656,-30.49
657,-27.99
658,-26.31
659,-27.21
660,-30.11
661,-28.22
662,-31.04
663,-30.31
664,-28.89
665,-30.32
666,-27.55
667,-29.17
668,-28.87
669,-29.44
670,-29.72
671,-27.78
672,-29.28
673,-26.27
674,-29.16
675,-28.21
676,-29.14
677,-28.2
678,-29.51
679,-31.48
680,-29.99
681,-28.94
682,-30.01
683,-29.11
684,-27.71
685,-32.89
686,-30.29
687,-29.04
688,-28.93
689,-26.88
690,-26.84
691,-30.32
692,-29.31
693,-27.72
694,-27.7
695,-28.3
696,-30.41
697,-27.21
698,-29.97
699,-27.22
700,-28.77
701,-29.26
702,-29.53
703,-28.08
704,-27.92
705,-26.86
706,-27.67
707,-27.68
708,-30.22
709,-28.66
710,-28.53
711,-27.69
712,-29.6
713,-28.63
714,-27.71
715,-26.96
716,-29.68
717,-26.35
718,-27.17
719,-28.81
720,-27.47
721,-28.28
722,-30.01
723,-29.67
724,-27.76
725,-29.9
726,-27.77
727,-29.17
728,-27.46
729,-30.2
730,-30.72
731,-25.98
732,-28.5
733,-28.19
734,-26.77
735,-28.72
736,-28.66
737,-30.65
738,-28.71
739,-28.27
740,-31.91
741,-28.32
742,-29.59
743,-27.88
744,-30.84
745,-30.26
746,-28.81
747,-27.13
748,-27.02
749,-30.71
750,-29.6
751,-30.25
752,-29.19
753,-29.66
754,-28.48
755,-29.41
756,-27.28
757,-30.93
758,-30.21
759,-29.36
760,-30.07
761,-29.03
762,-27.56
763,-26.91
764,-31.31
765,-30.48
766,-29.44
767,-27.3
768,-27.53
769,-29.05
770,-28.32
771,-27.13
772,-28.32
773,-27.19
774,-26.25
775,-27.08
776,-26.91
777,-26.53
778,-29.1
779,-27.93
780,-28.94
781,-28.83
782,-28.84
783,-27.75
784,-26.41
785,-27.3
786,-28.21
787,-28.45
788,-25.18
789,-29.46
790,-27.11
791,-25.18
792,-26.4
793,-27.45
794,-28.5
795,-26.86
796,-24.92
797,-28.72
798,-26.33
799,-28.61
800,-27.64
801,-28.63
802,-26.71
803,-26.94
804,-29.09
805,-29.75
806,-27.8
807,-27.02
808,-24.88
809,-28.2
810,-29.07
811,-26.19
812,-29.97
813,-29.45
814,-28.87
815,-26.67
816,-25.67
817,-31.23
818,-27.72
819,-28.25
820,-29.16
821,-26.77
822,-27.62
823,-27.19
824,-28.78
825,-26.94
826,-29.37
827,-28.29
828,-28.02
829,-29.54
830,-29.02
831,-30.5
832,-27.57
833,-27.97
834,-29.37
835,-29.46
836,-29.38
837,-27.89
838,-28.24
839,-26.0
840,-27.1
841,-26.46
842,-28.96
843,-28.71
844,-28.25
845,-27.0
846,-27.06
847,-27.58
848,-27.15
849,-28.34
850,-31.35
851,-28.0
852,-28.09
853,-28.27
854,-28.78
855,-29.66
856,-28.45
857,-28.58
858,-30.57
859,-25.85
860,-29.64
861,-28.79
862,-26.04
863,-31.26
864,-28.92
865,-29.3
866,-29.89
867,-30.94
868,-30.4
869,-32.28
870,-28.88
871,-28.37
872,-25.84
873,-27.8
874,-26.73
875,-29.11
876,-30.33
877,-30.4
878,-30.99
879,-27.19
880,-28.58
881,-27.68
882,-29.52
883,-29.98
884,-26.41
885,-28.28
886,-30.34
887,-28.04
888,-28.93
889,-29.21
890,-29.48
891,-31.32
892,-26.28
893,-30.0
894,-29.25
895,-27.6
896,-31.49
897,-28.94
898,-27.15
899,-29.73
900,-30.81
901,-30.13
902,-25.99
903,-29.02
904,-28.15
905,-26.46
906,-28.78
907,-26.89
908,-29.48
909,-27.94
910,-28.72
911,-28.22
912,-29.97
913,-28.02
914,-29.17
915,-27.61
916,-31.13
917,-25.75
918,-29.54
919,-29.59
920,-29.34
921,-31.5
922,-29.74
923,-28.76
924,-28.16
925,-28.44
926,-27.2
927,-28.77
928,-31.1
929,-26.91
930,-27.8
931,-28.76
932,-29.2
933,-26.55
934,-28.28
935,-27.58
936,-31.71
937,-31.64
938,-30.48
939,-27.98
940,-30.52
941,-29.6
942,-28.19
943,-29.5
944,-30.7
945,-28.18
946,-28.06
947,-30.04
948,-26.58
949,-30.95
950,-29.17
951,-26.41
952,-29.07
953,-30.88
954,-28.85
955,-27.46
956,-29.8
957,-28.75
958,-28.96
959,-28.56
960,-30.29
961,-29.72
962,-27.44
963,-27.86
964,-30.37
965,-29.22
966,-29.32
967,-29.16
968,-30.23
969,-30.92
970,-26.67
971,-26.75
972,-29.73
973,-28.19
974,-28.7
975,-26.56
976,-25.89
977,-27.35
978,-30.51
979,-27.6
980,-30.26
981,-29.26
982,-29.16
983,-32.14
984,-28.22
985,-25.88
986,-30.7
987,-26.74
988,-28.55
989,-27.74
990,-31.37
991,-32.34
992,-28.22
993,-29.98
994,-30.04
995,-30.47
996,-30.32
997,-30.14
998,-30.07
999,-29.73
1000,-29.03
