1,-37.13
2,-36.69
3,-35.64
4,-37.63
5,-37.39
6,-36.69
7,-36.72
8,-38.43
9,-34.99
10,-36.31
11,-36.11
12,-34.23
13,-38.15
14,-36.18
15,-35.39
16,-38.26
17,-36.35
18,-37.21
19,-36.09
20,-37.69
21,-35.04
22,-37.9
23,-38.57
24,-37.44
25,-36.61
26,-37.14
27,-36.42
28,-39.69
29,-40.25
30,-35.61
31,-35.46
32,-35.17
33,-40.32
34,-36.65
35,-40.76
36,-38.14
37,-39.18
38,-35.12
39,-33.77
40,-36.11
41,-34.31
42,-39.91
43,-37.55
44,-36.9
45,-42.32
46,-37.98
47,-36.71
48,-36.55
49,-39.67
50,-36.64
51,-34.77
52,-39.16
53,-36.94
54,-42.15
55,-42.38
56,-35.94
57,-38.78
58,-40.81
59,-38.35
60,-37.03
61,-38.26
62,-40.34
63,-39.45
64,-38.89
65,-39.8
66,-40.79
67,-38.3
68,-41.76
69,-39.87
70,-39.25
71,-38.12
72,-42.05
73,-37.57
74,-37.85
75,-39.4
76,-37.76
77,-39.65
78,-41.41
79,-38.58
80,-42.09
81,-40.11
82,-39.37
83,-33.61
84,-40.47
85,-41.35
86,-38.11
87,-37.9
88,-40.43
89,-37.4
90,-39.75
91,-38.5
92,-36.87
93,-43.41
94,-42.36
95,-39.11
96,-36.09
97,-39.17
98,-39.89
99,-40.17
100,-40.69
101,-37.53
102,-37.38
103,-37.43
104,-35.8
105,-39.17
106,-43.6
107,-40.36
108,-38.75
109,-39.72
110,-37.5
111,-39.88
112,-36.74
113,-38.42
114,-37.11
115,-38.05
116,-38.01
117,-37.93
118,-41.85
119,-35.92
120,-37.89
121,-35.08
122,-35.5
123,-37.34
124,-38.37
125,-39.41
126,-44.28
127,-38.07
128,-37.71
129,-45.54
130,-39.86
131,-41.24
132,-38.85
133,-37.97
134,-41.48
135,-38.84
136,-43.07
137,-44.9
138,-39.82
139,-40.29
140,-40.8
141,-39.37
142,-37.95
143,-40.51
144,-43.14
145,-45.16
146,-37.93
147,-39.53
148,-38.74
149,-41.88
150,-43.01
151,-41.78
152,-37.75
153,-37.3
154,-38.21
155,-42.27
156,-40.55
157,-38.86
158,-40.7
159,-37.36
160,-38.9
161,-39.16
162,-40.33
163,-41.64
164,-40.17
165,-41.63
166,-40.32
167,-36.77
168,-37.32
169,-39.94
170,-36.46
171,-37.71
172,-37.72
173,-37.75
174,-41.34
175,-38.05
176,-41.76
177,-39.59
178,-41.62
179,-40.79
180,-38.43
181,-37.78
182,-40.49
183,-39.48
184,-38.92
185,-38.26
186,-42.08
187,-38.69
188,-39.3
189,-40.71
190,-39.15
191,-35.87
192,-36.46
193,-38.46
194,-37.75
195,-36.89
196,-37.82
197,-39.14
198,-38.91
199,-37.67
200,-39.89
201,-36.35
202,-35.44
203,-39.96
204,-36.26
205,-34.36
206,-39.36
207,-36.32
208,-36.94
209,-36.25
210,-40.89
211,-40.1
212,-40.78
213,-37.83
214,-38.9
215,-36.63
216,-37.37
217,-40.24
218,-35.81
219,-33.6
220,-36.66
221,-35.92
222,-33.98
223,-34.07
224,-38.05
225,-35.93
226,-37.91
227,-39.25
228,-37.27
229,-38.07
230,-37.01
231,-35.69
232,-40.42
233,-36.3
234,-38.73
235,-35.01
236,-38.87
237,-35.12
238,-39.64
239,-39.96
240,-35.55
241,-39.93
242,-38.06
243,-37.86
244,-39.12
245,-32.63
246,-38.6
247,-37.33
248,-37.29
249,-34.7
250,-39.08
251,-36.66
252,-40.07
253,-35.94
254,-38.28
255,-38.01
256,-35.66
257,-37.05
258,-39.7
259,-35.92
260,-39.26
261,-39.24
262,-37.17
263,-37.38
264,-36.3
265,-35.66
266,-35.33
267,-40.71
268,-39.78
269,-38.51
270,-35.26
271,-34.51
272,-37.26
273,-41.55
274,-36.25
275,-34.76
276,-38.46
277,-32.68
278,-36.88
279,-41.46
280,-35.6
281,-34.15
282,-39.38
283,-34.55
284,-37.24
285,-36.66
286,-36.67
287,-36.9
288,-34.53
289,-37.25
290,-31.42
291,-34.39
292,-37.27
293,-35.7
294,-33.06
295,-37.88
296,-37.36
297,-34.56
298,-37.5
299,-34.81
300,-38.19
301,-37.36
302,-32.2
303,-35.8
304,-40.05
305,-37.32
306,-38.23
307,-35.08
308,-39.15
309,-35.2
310,-39.37
311,-40.49
312,-39.2
313,-39.27
314,-37.01
315,-37.71
316,-38.56
317,-37.32
318,-41.51
319,-39.23
320,-38.37
321,-33.64
322,-33.97
323,-35.74
324,-35.78
325,-37.79
326,-34.39
327,-41.25
328,-37.67
329,-35.64
330,-35.8
331,-32.98
332,-37.97
333,-35.32
334,-37.16
335,-33.54
336,-33.17
337,-34.86
338,-33.81
339,-36.65
340,-35.42
341,-33.5
342,-35.52
343,-37.86
344,-37.02
345,-34.12
346,-36.64
347,-35.73
348,-39.47
349,-35.74
350,-36.86
351,-34.08
352,-36.97
353,-36.8
354,-34.28
355,-37.42
356,-38.91
357,-36.8
358,-40.38
359,-34.06
360,-35.13
361,-38.74
362,-35.35
363,-32.51
364,-38.06
365,-36.49
366,-36.65
367,-36.89
368,-34.38
369,-35.46
370,-35.31
371,-36.26
372,-33.69
373,-38.18
374,-35.0
375,-37.02
376,-36.67
377,-39.59
378,-34.5
379,-35.71
380,-30.5
381,-35.34
382,-38.83
383,-35.96
384,-36.1
385,-34.59
386,-34.93
387,-37.97
388,-38.41
389,-35.59
390,-33.01
391,-36.91
392,-35.22
393,-35.81
394,-33.84
395,-36.1
396,-36.18
397,-36.29
398,-36.85
399,-37.92
400,-38.96
401,-38.52
402,-36.2
403,-37.38
404,-34.01
405,-32.25
406,-34.38
407,-36.04
408,-39.36
409,-34.79
410,-34.23
411,-33.62
412,-36.57
413,-34.51
414,-37.76
415,-35.5
416,-36.28
417,-34.71
418,-34.91
419,-33.24
420,-35.82
421,-36.4
422,-36.04
423,-35.43
424,-36.46
425,-37.09
426,-35.19
427,-37.45
428,-34.55
429,-34.2
430,-33.93
431,-32.94
432,-34.9
433,-33.1
434,-36.13
435,-35.31
436,-37.78
437,-35.73
438,-33.15
439,-37.89
440,-35.97
441,-35.27
442,-34.66
443,-37.48
444,-35.34
445,-35.62
446,-37.42
447,-36.54
448,-42.07
449,-39.05
450,-35.31
451,-36.54
452,-39.11
453,-35.12
454,-38.2
455,-39.04
456,-36.32
457,-38.76
458,-35.68
459,-33.93
460,-35.89
461,-33.91
462,-36.42
463,-35.18
464,-35.01
465,-33.8
466,-35.8
467,-35.83
468,-35.97
469,-35.4
470,-35.61
471,-34.97
472,-35.62
473,-35.72
474,-33.86
475,-33.21
476,-35.33
477,-34.16
478,-32.61
479,-37.33
480,-32.7
481,-33.06
482,-36.87
483,-33.29
484,-34.66
485,-34.53
486,-32.22
487,-31.75
488,-35.61
489,-34.19
490,-34.12
491,-33.86
492,-31.84
493,-31.68
494,-35.98
495,-34.13
496,-35.36
497,-31.36
498,-34.07
499,-32.3
500,-33.25
501,-32.16
502,-31.51
503,-34.14
504,-32.59
505,-31.63
506,-32.77
507,-34.14
508,-30.32
509,-30.71
510,-33.49
511,-31.45
512,-30.21
513,-33.89
514,-31.07
515,-36.0
516,-33.73
517,-33.46
518,-30.95
519,-31.92
520,-33.3
521,-29.82
522,-33.38
523,-34.15
524,-32.32
525,-31.56
526,-30.56
527,-31.17
528,-31.54
529,-30.53
530,-32.44
531,-32.02
532,-31.64
533,-32.24
534,-31.9
535,-31.38
536,-30.94
537,-31.81
538,-31.07
539,-30.4
540,-31.06
541,-31.92
542,-31.7
543,-33.36
544,-33.22
545,-33.17
546,-29.62
547,-34.29
548,-30.4
549,-31.72
550,-30.53
551,-31.23
552,-30.15
553,-30.81
554,-30.53
555,-30.23
556,-31.84
557,-30.72
558,-30.47
559,-31.14
560,-33.73
561,-31.48
562,-31.66
563,-33.25
564,-30.78
565,-31.84
566,-30.31
567,-31.78
568,-33.32
569,-31.71
570,-31.74
571,-32.2
572,-31.71
573,-30.63
574,-30.96
575,-32.12
576,-29.15
577,-30.5
578,-30.66
579,-32.35
580,-33.96
581,-31.76
582,-32.19
583,-32.09
584,-32.51
585,-31.56
586,-31.69
587,-31.0
588,-29.98
589,-29.99
590,-30.11
591,-35.93
592,-30.76
593,-30.97
594,-30.26
595,-31.55
596,-32.0
597,-29.3
598,-30.15
599,-32.03
600,-29.64
601,-29.35
602,-32.67
603,-30.9
604,-32.04
605,-33.06
606,-31.33
607,-31.81
608,-31.24
609,-30.81
610,-29.79
611,-31.26
612,-32.8
613,-32.9
614,-31.2
615,-32.32
616,-29.22
617,-30.09
618,-31.34
619,-29.99
620,-30.22
621,-26.93
622,-29.92
623,-28.52
624,-30.08
625,-29.21
626,-29.44
627,-28.84
628,-29.52
629,-31.92
630,-29.53
631,-28.41
632,-28.08
633,-29.23
634,-29.64
635,-30.0
636,-30.12
637,-30.58
638,-28.52
639,-30.11
640,-28.81
641,-29.63
642,-28.62
643,-28.72
644,-27.33
645,-27.16
646,-29.3
647,-28.01
648,-28.97
649,-29.01
650,-27.2
651,-30.04
652,-29.97
653,-26.77
654,-30.69
655,-26.87
656,-27.23
657,-29.68
658,-28.26
659,-28.06
660,-28.36
661,-27.8
662,-26.37
663,-27.65
664,-27.67
665,-26.43
666,-26.77
667,-28.21
668,-26.5
669,-25.74
670,-26.19
671,-26.11
672,-26.69
673,-25.19
674,-26.29
675,-28.22
676,-24.83
677,-24.7
678,-27.45
679,-27.68
680,-26.02
681,-25.97
682,-26.71
683,-26.29
684,-26.21
685,-26.06
686,-25.85
687,-25.54
688,-27.26
689,-27.29
690,-26.01
691,-27.09
692,-25.99
693,-27.14
694,-26.96
695,-26.74
696,-25.45
697,-24.32
698,-25.54
699,-26.56
700,-26.76
701,-24.99
702,-24.5
703,-26.33
704,-25.17
705,-25.18
706,-24.67
707,-25.86
708,-25.84
709,-24.03
710,-23.78
711,-24.71
712,-23.19
713,-23.54
714,-24.28
715,-26.6
716,-25.39
717,-23.87
718,-25.19
719,-25.09
720,-25.57
721,-24.17
722,-23.88
723,-23.72
724,-24.98
725,-23.3
726,-25.37
727,-24.14
728,-24.12
729,-25.19
730,-25.17
731,-23.15
732,-24.23
733,-23.6
734,-23.79
735,-23.28
736,-23.95
737,-24.88
738,-24.3
739,-23.91
740,-24.94
741,-24.52
742,-23.25
743,-24.07
744,-23.68
745,-23.14
746,-23.42
747,-24.35
748,-24.99
749,-23.8
750,-24.31
751,-24.86
752,-22.41
753,-23.52
754,-22.78
755,-24.07
756,-24.86
757,-24.36
758,-23.56
759,-25.26
760,-23.51
761,-24.73
762,-23.57
763,-23.66
764,-24.62
765,-23.32
766,-24.24
767,-24.18
768,-23.36
769,-23.52
770,-22.83
771,-23.84
772,-24.13
773,-23.38
774,-23.63
775,-23.47
776,-24.7
777,-24.34
778,-24.94
779,-23.33
780,-22.95
781,-22.61
782,-24.17
783,-23.48
784,-22.66
785,-23.85
786,-23.75
787,-23.85
788,-22.72
789,-23.48
790,-24.01
791,-22.69
792,-23.42
793,-23.65
794,-24.41
795,-24.16
796,-23.12
797,-22.23
798,-24.36
799,-23.11
800,-23.67
801,-23.69
802,-23.73
803,-23.29
804,-23.54
805,-23.32
806,-23.68
807,-22.28
808,-23.39
809,-23.36
810,-22.62
811,-23.44
812,-22.74
813,-21.65
814,-21.4
815,-22.49
816,-22.08
817,-21.76
818,-22.2
819,-22.67
820,-22.5
821,-22.9
822,-22.38
823,-21.98
824,-22.46
825,-22.59
826,-21.74
827,-22.29
828,-23.14
829,-23.14
830,-21.98
831,-22.35
832,-22.6
833,-21.87
834,-22.37
835,-22.43
836,-22.78
837,-22.42
838,-22.53
839,-22.33
840,-22.21
841,-21.45
842,-22.41
843,-22.02
844,-22.59
845,-20.69
846,-21.5
847,-22.59
848,-21.78
849,-21.78
850,-21.71
851,-22.69
852,-22.52
853,-22.4
854,-22.71
855,-23.07
856,-21.61
857,-22.28
858,-22.26
859,-23.1
860,-22.46
861,-21.7
862,-22.0
863,-21.64
864,-22.39
865,-21.94
866,-21.67
867,-22.19
868,-22.82
869,-22.07
870,-22.76
871,-22.72
872,-22.28
873,-23.08
874,-21.43
875,-21.89
876,-21.25
877,-21.81
878,-21.71
879,-22.04
880,-21.65
881,-21.04
882,-22.26
883,-22.25
884,-21.9
885,-22.41
886,-22.48
887,-22.8
888,-22.62
889,-21.63
890,-21.7
891,-22.39
892,-21.25
893,-22.06
894,-20.13
895,-21.85
896,-21.11
897,-21.39
898,-22.17
899,-21.85
900,-21.21
901,-21.63
902,-21.49
903,-22.71
904,-22.14
905,-21.05
906,-21.17
907,-21.24
908,-22.15
909,-21.94
910,-22.65
911,-22.28
912,-21.71
913,-22.26
914,-22.03
915,-22.08
916,-22.51
917,-22.3
918,-22.27
919,-21.31
920,-21.99
921,-21.91
922,-22.11
923,-21.46
924,-21.4
925,-21.43
926,-22.2
927,-21.38
928,-21.4
929,-21.29
930,-21.77
931,-21.69
932,-21.54
933,-22.67
934,-22.3
935,-21.94
936,-22.31
937,-21.42
938,-21.18
939,-21.7
940,-22.2
941,-21.97
942,-22.07
943,-20.78
944,-22.23
945,-22.14
946,-20.87
947,-21.81
948,-21.57
949,-21.47
950,-21.82
951,-22.21
952,-21.56
953,-21.78
954,-21.68
955,-21.54
956,-21.57
957,-22.09
958,-21.53
959,-22.13
960,-22.03
961,-21.34
962,-20.97
963,-22.56
964,-22.73
965,-21.34
966,-22.39
967,-21.48
968,-21.85
969,-21.3
970,-22.5
971,-21.44
972,-22.02
973,-21.7
974,-21.68
975,-21.08
976,-21.27
977,-22.1
978,-21.08
979,-21.34
980,-22.43
981,-22.22
982,-21.2
983,-21.51
984,-21.37
985,-22.28
986,-21.99
987,-22.5
988,-21.38
989,-21.3
990,-22.96
991,-21.49
992,-22.33
993,-21.03
994,-22.27
995,-21.33
996,-21.49
997,-21.98
998,-21.7
999,-21.99
1000,-20.71
