1,-36.32
2,-36.21
3,-35.5
4,-35.31
5,-35.52
6,-36.39
7,-36.01
8,-34.57
9,-37.83
10,-39.88
11,-35.04
12,-34.81
13,-36.16
14,-34.12
15,-38.73
16,-33.57
17,-36.18
18,-34.47
19,-37.44
20,-35.65
21,-37.65
22,-38.6
23,-33.91
24,-37.75
25,-36.55
26,-33.09
27,-35.4
28,-36.5
29,-33.07
30,-35.91
31,-34.32
32,-36.56
33,-40.59
34,-35.23
35,-39.8
36,-37.48
37,-35.15
38,-36.55
39,-32.77
40,-34.39
41,-33.31
42,-35.69
43,-36.85
44,-35.48
45,-37.95
46,-35.54
47,-36.37
48,-39.66
49,-35.66
50,-32.62
51,-38.1
52,-37.49
53,-37.17
54,-36.42
55,-37.37
56,-35.1
57,-35.25
58,-39.54
59,-39.84
60,-33.68
61,-31.77
62,-38.82
63,-39.75
64,-34.49
65,-33.38
66,-34.41
67,-38.64
68,-38.69
69,-37.46
70,-37.05
71,-37.33
72,-35.83
73,-36.18
74,-37.14
75,-38.18
76,-36.73
77,-38.19
78,-39.67
79,-37.25
80,-39.89
81,-41.99
82,-40.51
83,-42.93
84,-38.02
85,-37.24
86,-41.62
87,-35.63
88,-38.95
89,-37.4
90,-41.4
91,-35.67
92,-36.22
93,-34.48
94,-39.34
95,-40.19
96,-39.19
97,-41.59
98,-41.71
99,-36.75
100,-42.73
101,-38.4
102,-34.65
103,-36.52
104,-37.95
105,-36.81
106,-40.81
107,-44.87
108,-36.43
109,-39.97
110,-39.87
111,-36.25
112,-36.35
113,-42.3
114,-40.99
115,-43.41
116,-36.46
117,-40.06
118,-41.04
119,-39.12
120,-38.95
121,-36.91
122,-43.57
123,-43.11
124,-35.55
125,-39.59
126,-37.97
127,-33.96
128,-41.92
129,-43.41
130,-36.37
131,-37.26
132,-36.21
133,-38.11
134,-37.92
135,-40.69
136,-38.57
137,-38.11
138,-42.64
139,-41.09
140,-41.41
141,-39.91
142,-44.48
143,-40.43
144,-39.82
145,-40.43
146,-42.43
147,-42.41
148,-40.77
149,-41.61
150,-40.45
151,-40.05
152,-35.79
153,-41.08
154,-40.52
155,-40.39
156,-39.29
157,-40.71
158,-43.12
159,-36.95
160,-39.56
161,-42.57
162,-42.85
163,-41.48
164,-42.47
165,-40.32
166,-41.01
167,-45.85
168,-44.67
169,-38.7
170,-39.27
171,-46.61
172,-45.24
173,-39.43
174,-43.78
175,-42.69
176,-39.94
177,-45.28
178,-44.29
179,-38.79
180,-42.21
181,-39.55
182,-42.31
183,-43.64
184,-44.0
185,-43.04
186,-43.55
187,-41.94
188,-41.86
189,-42.34
190,-44.65
191,-44.94
192,-44.37
193,-44.34
194,-40.28
195,-43.39
196,-47.1
197,-42.83
198,-42.54
199,-43.1
200,-40.22
201,-41.65
202,-36.3
203,-42.98
204,-42.87
205,-39.06
206,-42.83
207,-45.22
208,-42.87
209,-44.52
210,-45.94
211,-44.06
212,-41.35
213,-40.21
214,-41.86
215,-43.0
216,-43.71
217,-42.12
218,-39.3
219,-41.39
220,-43.87
221,-38.17
222,-41.05
223,-38.61
224,-37.06
225,-42.43
226,-41.73
227,-38.56
228,-44.17
229,-38.54
230,-40.6
231,-45.12
232,-42.49
233,-39.94
234,-39.79
235,-41.98
236,-41.68
237,-41.16
238,-38.5
239,-40.39
240,-40.35
241,-41.41
242,-38.53
243,-38.33
244,-36.81
245,-39.87
246,-38.85
247,-37.31
248,-38.92
249,-41.52
250,-39.54
251,-35.59
252,-38.47
253,-41.02
254,-41.26
255,-40.45
256,-41.75
257,-34.43
258,-36.34
259,-40.24
260,-43.43
261,-36.97
262,-37.72
263,-36.6
264,-38.56
265,-38.12
266,-37.47
267,-39.09
268,-39.12
269,-39.04
270,-35.0
271,-38.39
272,-35.72
273,-36.97
274,-35.06
275,-38.45
276,-33.99
277,-33.58
278,-38.51
279,-38.01
280,-38.36
281,-36.22
282,-38.69
283,-35.83
284,-41.77
285,-37.6
286,-38.41
287,-39.85
288,-40.51
289,-35.95
290,-35.48
291,-38.41
292,-37.62
293,-35.69
294,-34.56
295,-36.56
296,-40.89
297,-41.35
298,-39.11
299,-36.2
300,-36.9
301,-37.6
302,-39.51
303,-36.3
304,-36.58
305,-35.82
306,-36.83
307,-34.28
308,-36.83
309,-36.08
310,-35.29
311,-37.19
312,-37.8
313,-35.55
314,-37.38
315,-37.63
316,-34.62
317,-36.01
318,-35.43
319,-35.07
320,-34.76
321,-37.91
322,-36.22
323,-34.77
324,-37.98
325,-36.03
326,-37.3
327,-35.22
328,-36.76
329,-37.07
330,-37.06
331,-36.21
332,-35.2
333,-35.99
334,-34.01
335,-37.79
336,-35.16
337,-33.17
338,-34.16
339,-32.82
340,-36.91
341,-34.51
342,-37.14
343,-33.77
344,-32.8
345,-34.55
346,-33.56
347,-35.34
348,-34.77
349,-36.1
350,-36.38
351,-34.94
352,-37.55
353,-30.52
354,-38.95
355,-36.52
356,-36.16
357,-37.37
358,-36.77
359,-37.2
360,-31.98
361,-32.92
362,-33.76
363,-35.38
364,-37.49
365,-34.08
366,-36.48
367,-36.24
368,-37.24
369,-37.93
370,-36.48
371,-35.29
372,-31.61
373,-32.86
374,-32.64
375,-35.65
376,-33.03
377,-35.57
378,-35.39
379,-33.87
380,-32.45
381,-36.65
382,-35.4
383,-33.01
384,-36.76
385,-34.31
386,-34.58
387,-34.04
388,-34.65
389,-34.37
390,-35.84
391,-36.96
392,-35.71
393,-37.02
394,-33.19
395,-36.94
396,-34.1
397,-35.85
398,-36.71
399,-35.55
400,-41.31
401,-36.13
402,-35.89
403,-34.87
404,-36.39
405,-35.14
406,-35.24
407,-36.55
408,-33.07
409,-35.06
410,-33.94
411,-31.84
412,-34.23
413,-33.19
414,-36.05
415,-34.85
416,-34.35
417,-31.7
418,-35.55
419,-33.28
420,-34.04
421,-35.63
422,-37.79
423,-33.76
424,-33.79
425,-32.92
426,-35.77
427,-32.5
428,-36.59
429,-35.62
430,-35.2
431,-34.46
432,-32.57
433,-34.75
434,-35.22
435,-34.24
436,-32.68
437,-32.44
438,-34.31
439,-32.01
440,-32.21
441,-33.6
442,-33.89
443,-33.25
444,-32.07
445,-34.22
446,-31.47
447,-33.63
448,-32.8
449,-33.43
450,-34.76
451,-35.01
452,-36.99
453,-33.36
454,-32.22
455,-35.77
456,-34.41
457,-34.3
458,-33.19
459,-35.04
460,-36.8
461,-36.06
462,-40.22
463,-33.43
464,-34.07
465,-34.95
466,-31.62
467,-32.71
468,-33.4
469,-34.14
470,-33.06
471,-35.91
472,-34.88
473,-37.19
474,-33.08
475,-36.25
476,-31.74
477,-33.42
478,-34.02
479,-32.58
480,-33.31
481,-33.75
482,-33.58
483,-36.97
484,-31.64
485,-35.06
486,-34.2
487,-36.96
488,-33.92
489,-32.11
490,-32.16
491,-33.48
492,-35.49
493,-32.77
494,-34.95
495,-33.6
496,-34.41
497,-36.36
498,-32.53
499,-33.71
500,-33.02
501,-33.31
502,-33.75
503,-34.33
504,-34.28
505,-32.98
506,-34.07
507,-35.0
508,-33.13
509,-34.71
510,-32.38
511,-35.01
512,-35.83
513,-30.1
514,-32.69
515,-31.58
516,-32.13
517,-33.93
518,-30.0
519,-33.31
520,-33.65
521,-29.36
522,-34.87
523,-32.56
524,-32.1
525,-33.94
526,-31.69
527,-32.27
528,-36.68
529,-35.65
530,-34.07
531,-29.56
532,-33.48
533,-33.93
534,-32.02
535,-32.53
536,-35.11
537,-32.95
538,-33.3
539,-34.52
540,-35.97
541,-33.85
542,-34.11
543,-36.68
544,-31.2
545,-34.67
546,-34.17
547,-30.28
548,-35.99
549,-30.18
550,-34.46
551,-33.58
552,-33.28
553,-32.07
554,-33.83
555,-33.61
556,-33.16
557,-31.78
558,-33.22
559,-31.69
560,-31.37
561,-32.74
562,-29.63
563,-32.05
564,-34.12
565,-32.5
566,-36.75
567,-36.43
568,-32.02
569,-31.59
570,-31.9
571,-34.85
572,-32.43
573,-32.91
574,-33.57
575,-31.97
576,-32.01
577,-34.19
578,-34.14
579,-33.17
580,-33.39
581,-30.0
582,-33.26
583,-32.8
584,-33.93
585,-33.77
586,-33.83
587,-34.06
588,-34.56
589,-32.99
590,-35.68
591,-36.17
592,-33.94
593,-32.86
594,-33.23
595,-32.18
596,-34.89
597,-31.73
598,-30.64
599,-35.61
600,-33.11
601,-31.24
602,-31.0
603,-31.96
604,-31.68
605,-30.73
606,-32.44
607,-32.11
608,-33.95
609,-35.2
610,-35.15
611,-29.54
612,-30.39
613,-30.87
614,-33.93
615,-29.99
616,-30.8
617,-33.9
618,-29.24
619,-29.24
620,-31.62
621,-30.9
622,-34.02
623,-30.73
624,-32.06
625,-33.17
626,-31.84
627,-29.15
628,-32.51
629,-33.9
630,-34.18
631,-32.11
632,-32.15
633,-31.31
634,-33.37
635,-29.89
636,-31.39
637,-33.2
638,-31.71
639,-31.34
640,-31.46
641,-28.89
642,-33.64
643,-38.48
644,-35.7
645,-34.44
646,-32.28
647,-32.35
648,-29.9
649,-29.11
650,-30.06
651,-30.03
652,-37.14
653,-29.99
654,-31.07
655,-31.93
656,-32.17
657,-36.27
658,-31.37
659,-29.19
660,-32.88
661,-34.05
662,-32.63
663,-30.67
664,-32.52
665,-30.39
666,-33.73
667,-34.97
668,-31.08
669,-33.31
670,-34.57
671,-30.9
672,-32.27
673,-30.04
674,-34.48
675,-31.17
676,-34.39
677,-29.1
678,-34.16
679,-32.14
680,-31.37
681,-30.99
682,-31.58
683,-34.77
684,-31.03
685,-34.14
686,-34.79
687,-33.54
688,-32.0
689,-34.64
690,-32.07
691,-32.33
692,-32.56
693,-35.27
694,-33.81
695,-34.04
696,-31.88
697,-31.55
698,-34.57
699,-33.9
700,-29.43
701,-33.53
702,-31.55
703,-34.45
704,-32.82
705,-32.55
706,-32.7
707,-32.31
708,-34.02
709,-33.63
710,-31.94
711,-35.41
712,-31.86
713,-32.14
714,-34.09
715,-34.22
716,-33.1
717,-33.54
718,-35.77
719,-32.14
720,-33.11
721,-34.08
722,-31.73
723,-34.04
724,-33.12
725,-34.72
726,-34.13
727,-32.36
728,-33.3
729,-32.12
730,-32.23
731,-32.63
732,-30.32
733,-31.16
734,-33.63
735,-32.56
736,-36.27
737,-31.93
738,-33.06
739,-31.92
740,-34.68
741,-32.23
742,-34.74
743,-30.92
744,-31.44
745,-34.2
746,-31.74
747,-33.39
748,-34.18
749,-35.71
750,-29.99
751,-33.5
752,-32.98
753,-30.62
754,-33.15
755,-33.46
756,-30.68
757,-32.12
758,-33.27
759,-32.6
760,-31.71
761,-35.48
762,-33.9
763,-34.19
764,-31.95
765,-30.53
766,-29.59
767,-35.44
768,-32.46
769,-33.66
770,-31.76
771,-32.55
772,-34.83
773,-33.38
774,-35.29
775,-33.09
776,-31.35
777,-34.02
778,-32.76
779,-31.23
780,-34.62
781,-33.76
782,-32.25
783,-33.87
784,-31.22
785,-32.4
786,-29.57
787,-32.86
788,-34.2
789,-31.26
790,-35.66
791,-32.55
792,-29.28
793,-31.83
794,-33.05
795,-30.31
796,-30.33
797,-31.24
798,-29.88
799,-34.56
800,-32.97
801,-32.43
802,-34.16
803,-35.64
804,-30.93
805,-33.24
806,-31.6
807,-31.07
808,-30.54
809,-36.37
810,-32.17
811,-34.01
812,-31.19
813,-34.01
814,-34.02
815,-32.72
816,-30.92
817,-31.4
818,-32.81
819,-31.47
820,-31.31
821,-31.56
822,-33.78
823,-32.26
824,-31.95
825,-34.69
826,-30.09
827,-31.63
828,-31.42
829,-31.2
830,-34.32
831,-33.26
832,-33.09
833,-28.7
834,-32.24
835,-32.66
836,-31.43
837,-32.21
838,-32.14
839,-33.03
840,-33.47
841,-31.57
842,-30.29
843,-31.62
844,-33.37
845,-30.68
846,-31.03
847,-32.28
848,-31.27
849,-36.98
850,-32.03
851,-28.93
852,-33.54
853,-31.16
854,-31.24
855,-32.1
856,-35.05
857,-29.54
858,-29.5
859,-30.9
860,-33.45
861,-31.4
862,-31.95
863,-33.9
864,-32.71
865,-33.51
866,-32.84
867,-33.02
868,-33.53
869,-30.73
870,-29.64
871,-29.0
872,-31.06
873,-33.25
874,-29.98
875,-30.91
876,-33.03
877,-29.36
878,-31.47
879,-31.36
880,-32.63
881,-31.6
882,-31.73
883,-30.45
884,-32.36
885,-31.5
886,-30.76
887,-31.3
888,-31.09
889,-28.6
890,-28.19
891,-30.76
892,-32.15
893,-29.52
894,-31.0
895,-32.28
896,-34.1
897,-28.52
898,-30.54
899,-33.84
900,-35.23
901,-31.78
902,-33.04
903,-30.46
904,-30.1
905,-31.05
906,-29.08
907,-28.12
908,-33.6
909,-33.01
910,-34.14
911,-33.5
912,-33.01
913,-31.25
914,-31.52
915,-33.07
916,-34.43
917,-29.32
918,-32.13
919,-30.27
920,-32.01
921,-31.37
922,-31.92
923,-29.63
924,-27.99
925,-31.06
926,-31.41
927,-31.94
928,-31.6
929,-29.51
930,-31.87
931,-30.06
932,-30.48
933,-31.38
934,-29.32
935,-29.46
936,-29.84
937,-27.92
938,-30.11
939,-30.87
940,-30.49
941,-30.77
942,-32.36
943,-29.5
944,-33.21
945,-32.13
946,-31.33
947,-29.46
948,-29.26
949,-30.05
950,-29.17
951,-31.85
952,-32.03
953,-31.02
954,-30.26
955,-29.18
956,-29.9
957,-31.96
958,-30.18
959,-31.78
960,-31.74
961,-31.8
962,-32.77
963,-31.37
964,-30.27
965,-29.89
966,-29.32
967,-31.51
968,-30.63
969,-30.34
970,-26.55
971,-33.55
972,-32.01
973,-29.05
974,-29.02
975,-34.56
976,-31.66
977,-32.83
978,-28.7
979,-31.27
980,-31.42
981,-30.37
982,-30.25
983,-31.47
984,-32.84
985,-30.86
986,-32.25
987,-34.19
988,-29.32
989,-29.98
990,-32.8
991,-31.0
992,-31.37
993,-26.77
994,-31.64
995,-31.43
996,-32.38
997,-30.96
998,-29.12
999,-30.95
1000,-31.13
