1,-37.45
2,-35.4
3,-35.62
4,-39.8
5,-35.09
6,-31.6
7,-35.35
8,-37.45
9,-35.9
10,-35.17
11,-36.32
12,-38.1
13,-36.03
14,-35.83
15,-34.99
16,-36.15
17,-35.89
18,-35.94
19,-36.81
20,-34.11
21,-37.69
22,-34.79
23,-36.2
24,-36.83
25,-34.95
26,-35.86
27,-36.17
28,-39.6
29,-36.64
30,-33.63
31,-34.1
32,-34.74
33,-35.88
34,-34.31
35,-35.26
36,-37.06
37,-35.13
38,-35.66
39,-36.71
40,-35.44
41,-39.41
42,-39.54
43,-37.16
44,-38.18
45,-37.03
46,-35.61
47,-36.84
48,-35.54
49,-36.92
50,-36.57
51,-40.96
52,-36.64
53,-34.5
54,-40.12
55,-34.62
56,-37.99
57,-35.08
58,-37.16
59,-38.44
60,-39.81
61,-38.19
62,-37.49
63,-34.09
64,-37.99
65,-36.51
66,-39.47
67,-37.6
68,-33.41
69,-39.65
70,-37.84
71,-37.51
72,-38.98
73,-36.32
74,-41.27
75,-37.36
76,-40.9
77,-37.95
78,-38.2
79,-38.92
80,-38.37
81,-35.36
82,-41.58
83,-37.97
84,-34.86
85,-45.03
86,-43.11
87,-38.5
88,-40.42
89,-40.78
90,-39.55
91,-42.17
92,-45.64
93,-39.16
94,-40.2
95,-40.17
96,-40.12
97,-42.73
98,-41.46
99,-40.1
100,-43.36
101,-43.34
102,-43.46
103,-41.95
104,-36.79
105,-42.14
106,-42.24
107,-41.85
108,-38.16
109,-41.5
110,-39.66
111,-41.98
112,-44.33
113,-42.22
114,-39.6
115,-40.74
116,-41.94
117,-41.4
118,-41.57
119,-41.47
120,-43.37
121,-44.46
122,-40.23
123,-40.01
124,-38.73
125,-42.58
126,-42.76
127,-39.27
128,-42.27
129,-42.44
130,-40.46
131,-43.79
132,-42.43
133,-41.25
134,-38.52
135,-39.97
136,-45.15
137,-42.49
138,-41.0
139,-47.27
140,-41.48
141,-46.04
142,-39.37
143,-40.17
144,-41.76
145,-42.43
146,-45.25
147,-43.45
148,-41.54
149,-40.99
150,-42.84
151,-38.73
152,-41.29
153,-41.25
154,-42.67
155,-44.01
156,-45.04
157,-41.78
158,-41.66
159,-42.6
160,-43.1
161,-40.4
162,-42.1
163,-39.93
164,-40.81
165,-42.14
166,-41.93
167,-38.71
168,-39.74
169,-41.83
170,-42.0
171,-38.47
172,-40.74
173,-43.32
174,-41.58
175,-43.48
176,-45.76
177,-47.2
178,-42.73
179,-44.95
180,-41.83
181,-44.34
182,-41.11
183,-41.07
184,-42.69
185,-42.96
186,-43.59
187,-42.45
188,-41.94
189,-37.72
190,-42.03
191,-48.87
192,-40.33
193,-41.15
194,-40.08
195,-39.51
196,-44.85
197,-41.04
198,-42.79
199,-42.51
200,-44.57
201,-40.63
202,-41.94
203,-42.61
204,-43.19
205,-40.26
206,-38.08
207,-39.56
208,-43.5
209,-43.78
210,-39.45
211,-40.46
212,-41.89
213,-40.24
214,-45.4
215,-46.17
216,-44.21
217,-38.42
218,-41.85
219,-46.15
220,-41.69
221,-42.71
222,-40.38
223,-40.44
224,-38.76
225,-44.26
226,-41.24
227,-40.28
228,-45.77
229,-47.32
230,-41.72
231,-44.15
232,-41.1
233,-40.38
234,-42.78
235,-40.04
236,-42.46
237,-41.99
238,-40.39
239,-38.13
240,-38.0
241,-44.16
242,-44.3
243,-42.16
244,-40.47
245,-40.21
246,-39.38
247,-42.39
248,-43.81
249,-39.35
250,-40.29
251,-44.66
252,-39.52
253,-40.78
254,-42.22
255,-39.18
256,-41.37
257,-40.85
258,-40.86
259,-44.72
260,-40.86
261,-41.32
262,-41.98
263,-41.2
264,-40.15
265,-41.84
266,-39.18
267,-39.21
268,-42.11
269,-45.28
270,-41.3
271,-40.19
272,-36.29
273,-38.75
274,-43.87
275,-41.15
276,-43.96
277,-43.46
278,-42.28
279,-38.55
280,-44.23
281,-43.27
282,-38.96
283,-42.68
284,-44.44
285,-41.87
286,-41.19
287,-46.2
288,-44.47
289,-38.86
290,-42.71
291,-42.41
292,-42.18
293,-40.48
294,-39.81
295,-38.51
296,-39.62
297,-42.5
298,-40.36
299,-45.32
300,-41.45
301,-36.61
302,-39.66
303,-44.1
304,-43.8
305,-41.82
306,-40.15
307,-44.71
308,-40.08
309,-44.03
310,-44.24
311,-51.03
312,-38.61
313,-41.98
314,-41.42
315,-43.48
316,-42.5
317,-40.62
318,-42.19
319,-42.17
320,-42.47
321,-37.68
322,-43.04
323,-44.92
324,-44.53
325,-42.22
326,-42.91
327,-42.92
328,-50.42
329,-45.73
330,-53.98
331,-41.84
332,-46.26
333,-44.81
334,-43.99
335,-41.23
336,-47.57
337,-41.16
338,-42.84
339,-37.25
340,-38.08
341,-41.78
342,-42.28
343,-44.65
344,-41.72
345,-40.44
346,-42.27
347,-42.77
348,-36.81
349,-38.17
350,-39.45
351,-41.93
352,-41.97
353,-47.15
354,-42.38
355,-39.55
356,-40.56
357,-42.8
358,-40.85
359,-36.28
360,-42.46
361,-40.33
362,-39.36
363,-39.59
364,-41.45
365,-42.05
366,-37.02
367,-38.65
368,-39.49
369,-37.02
370,-41.29
371,-43.92
372,-40.08
373,-38.59
374,-40.0
375,-38.83
376,-42.74
377,-40.55
378,-39.34
379,-37.56
380,-38.85
381,-43.98
382,-38.31
383,-42.88
384,-36.19
385,-41.03
386,-36.01
387,-38.31
388,-37.23
389,-42.65
390,-38.35
391,-38.53
392,-42.47
393,-38.2
394,-41.02
395,-38.09
396,-37.66
397,-36.47
398,-36.51
399,-44.03
400,-39.09
401,-38.15
402,-38.45
403,-39.48
404,-39.07
405,-38.41
406,-39.37
407,-42.57
408,-41.57
409,-43.63
410,-39.37
411,-41.25
412,-38.03
413,-44.56
414,-36.44
415,-41.53
416,-38.24
417,-39.97
418,-39.32
419,-33.09
420,-34.92
421,-36.07
422,-39.21
423,-39.32
424,-41.32
425,-39.98
426,-39.75
427,-40.02
428,-38.53
429,-38.37
430,-42.76
431,-38.65
432,-44.67
433,-35.08
434,-36.26
435,-37.02
436,-37.26
437,-38.32
438,-36.1
439,-38.19
440,-38.19
441,-36.27
442,-39.13
443,-39.36
444,-43.24
445,-39.78
446,-40.1
447,-39.57
448,-40.17
449,-39.0
450,-40.95
451,-36.29
452,-38.76
453,-38.2
454,-37.02
455,-41.58
456,-39.63
457,-37.69
458,-38.21
459,-38.7
460,-39.19
461,-39.17
462,-39.91
463,-40.97
464,-43.38
465,-39.27
466,-38.88
467,-43.05
468,-38.49
469,-44.93
470,-36.95
471,-37.46
472,-43.8
473,-38.74
474,-34.92
475,-42.05
476,-41.58
477,-41.32
478,-41.21
479,-35.91
480,-38.44
481,-36.46
482,-39.08
483,-40.46
484,-37.45
485,-38.72
486,-38.52
487,-43.43
488,-35.5
489,-34.93
490,-39.49
491,-35.9
492,-38.05
493,-42.22
494,-34.81
495,-41.37
496,-36.31
497,-35.93
498,-36.96
499,-37.55
500,-36.77
501,-37.05
502,-40.52
503,-37.6
504,-38.35
505,-37.81
506,-37.08
507,-41.88
508,-41.86
509,-38.2
510,-39.77
511,-41.13
512,-38.95
513,-37.54
514,-38.69
515,-35.63
516,-41.48
517,-38.71
518,-38.92
519,-41.53
520,-40.04
521,-42.9
522,-40.69
523,-41.53
524,-35.7
525,-32.3
526,-37.07
527,-40.76
528,-34.03
529,-39.15
530,-38.44
531,-38.65
532,-40.13
533,-34.88
534,-35.58
535,-39.69
536,-36.51
537,-37.54
538,-34.39
539,-35.57
540,-37.62
541,-38.86
542,-37.14
543,-38.48
544,-39.32
545,-41.38
546,-37.95
547,-35.92
548,-36.76
549,-38.73
550,-40.42
551,-38.49
552,-37.45
553,-40.74
554,-42.05
555,-35.58
556,-36.98
557,-35.39
558,-42.81
559,-40.71
560,-40.73
561,-38.64
562,-38.39
563,-42.06
564,-39.27
565,-36.14
566,-39.05
567,-39.88
568,-39.13
569,-38.48
570,-34.13
571,-35.1
572,-38.37
573,-39.94
574,-37.45
575,-41.65
576,-40.96
577,-40.88
578,-38.3
579,-41.52
580,-36.76
581,-33.44
582,-39.23
583,-38.29
584,-38.52
585,-38.48
586,-41.42
587,-34.68
588,-40.16
589,-35.74
590,-41.32
591,-35.94
592,-41.21
593,-39.87
594,-36.91
595,-43.31
596,-42.15
597,-37.95
598,-35.74
599,-37.63
600,-36.42
601,-41.41
602,-41.75
603,-43.52
604,-35.92
605,-39.4
606,-41.17
607,-40.26
608,-39.43
609,-39.04
610,-35.65
611,-40.91
612,-38.46
613,-36.21
614,-37.98
615,-38.73
616,-37.57
617,-36.6
618,-36.7
619,-36.84
620,-40.37
621,-40.33
622,-36.28
623,-40.4
624,-40.32
625,-39.07
626,-37.9
627,-41.0
628,-44.41
629,-43.85
630,-41.06
631,-38.61
632,-34.2
633,-36.56
634,-35.43
635,-43.99
636,-38.39
637,-32.95
638,-38.23
639,-38.27
640,-38.54
641,-39.09
642,-35.13
643,-37.09
644,-37.3
645,-40.2
646,-40.33
647,-38.22
648,-37.97
649,-39.25
650,-40.65
651,-37.81
652,-42.53
653,-32.53
654,-34.04
655,-38.6
656,-39.42
657,-35.4
658,-39.13
659,-40.38
660,-38.91
661,-37.14
662,-36.54
663,-36.46
664,-36.47
665,-36.54
666,-36.11
667,-40.28
668,-34.35
669,-37.25
670,-40.32
671,-38.0
672,-35.03
673,-37.79
674,-39.41
675,-35.25
676,-40.77
677,-38.2
678,-40.55
679,-37.02
680,-35.37
681,-38.32
682,-39.82
683,-36.18
684,-34.69
685,-37.14
686,-34.96
687,-36.52
688,-37.03
689,-36.45
690,-37.68
691,-38.95
692,-37.6
693,-34.56
694,-39.54
695,-39.06
696,-36.78
697,-37.36
698,-41.27
699,-36.73
700,-36.92
701,-38.16
702,-38.17
703,-35.21
704,-38.24
705,-45.93
706,-35.97
707,-39.17
708,-35.54
709,-37.32
710,-38.03
711,-39.3
712,-38.6
713,-33.51
714,-35.48
715,-46.16
716,-39.22
717,-36.61
718,-37.72
719,-36.9
720,-37.77
721,-37.33
722,-40.91
723,-38.63
724,-39.76
725,-41.1
726,-38.44
727,-39.06
728,-41.52
729,-36.47
730,-37.56
731,-39.08
732,-40.07
733,-38.39
734,-36.79
735,-40.16
736,-38.0
737,-33.48
738,-38.73
739,-44.1
740,-35.17
741,-37.95
742,-33.38
743,-39.17
744,-36.81
745,-43.44
746,-38.14
747,-37.87
748,-32.6
749,-40.61
750,-39.29
751,-40.21
752,-33.24
753,-37.99
754,-40.13
755,-37.17
756,-42.27
757,-32.39
758,-34.72
759,-40.05
760,-37.33
761,-35.27
762,-39.87
763,-41.1
764,-41.43
765,-40.54
766,-38.3
767,-36.3
768,-39.74
769,-41.98
770,-35.15
771,-38.43
772,-40.15
773,-36.03
774,-42.07
775,-39.46
776,-35.87
777,-38.84
778,-39.93
779,-37.99
780,-42.36
781,-36.72
782,-41.66
783,-41.4
784,-38.45
785,-38.21
786,-38.54
787,-38.57
788,-36.91
789,-41.13
790,-37.78
791,-41.5
792,-35.58
793,-41.21
794,-35.31
795,-44.72
796,-35.85
797,-38.43
798,-37.75
799,-35.24
800,-34.38
801,-36.89
802,-37.23
803,-36.4
804,-36.64
805,-38.81
806,-40.0
807,-40.49
808,-34.14
809,-38.69
810,-37.99
811,-39.72
812,-38.24
813,-36.75
814,-37.74
815,-35.84
816,-38.63
817,-36.84
818,-39.21
819,-35.03
820,-34.96
821,-33.21
822,-38.72
823,-34.02
824,-34.43
825,-37.51
826,-40.51
827,-39.67
828,-39.47
829,-37.71
830,-34.23
831,-34.48
832,-35.97
833,-39.48
834,-36.21
835,-33.87
836,-38.54
837,-39.69
838,-36.26
839,-35.64
840,-36.9
841,-38.31
842,-38.59
843,-38.17
844,-36.57
845,-35.61
846,-37.29
847,-33.88
848,-35.95
849,-37.49
850,-38.45
851,-40.63
852,-36.85
853,-35.98
854,-35.28
855,-34.81
856,-36.6
857,-35.61
858,-36.56
859,-36.9
860,-38.01
861,-36.85
862,-38.09
863,-37.43
864,-36.18
865,-38.71
866,-38.43
867,-37.09
868,-34.4
869,-38.05
870,-33.76
871,-34.15
872,-34.36
873,-38.11
874,-37.61
875,-36.66
876,-36.72
877,-35.44
878,-36.66
879,-39.88
880,-37.89
881,-43.73
882,-37.05
883,-38.93
884,-38.39
885,-39.83
886,-38.36
887,-36.64
888,-34.95
889,-36.84
890,-38.06
891,-35.95
892,-36.23
893,-43.51
894,-39.06
895,-37.83
896,-33.48
897,-36.28
898,-38.46
899,-36.5
900,-35.9
901,-38.11
902,-36.53
903,-38.12
904,-39.89
905,-34.87
906,-37.78
907,-38.02
908,-44.55
909,-37.59
910,-37.07
911,-39.1
912,-38.82
913,-36.86
914,-36.96
915,-36.29
916,-41.26
917,-38.51
918,-38.18
919,-40.87
920,-36.88
921,-39.41
922,-41.32
923,-41.14
924,-39.46
925,-38.11
926,-36.88
927,-38.41
928,-39.7
929,-37.62
930,-39.29
931,-38.13
932,-42.18
933,-39.78
934,-42.53
935,-36.53
936,-39.41
937,-36.12
938,-38.53
939,-39.1
940,-39.51
941,-40.05
942,-40.21
943,-42.62
944,-38.33
945,-38.51
946,-38.2
947,-39.32
948,-38.96
949,-44.37
950,-38.86
951,-43.0
952,-36.14
953,-41.62
954,-40.61
955,-38.57
956,-34.91
957,-36.21
958,-37.71
959,-39.15
960,-37.21
961,-38.95
962,-43.51
963,-37.43
964,-38.16
965,-40.41
966,-40.13
967,-38.35
968,-34.61
969,-38.09
970,-38.09
971,-38.33
972,-34.95
973,-40.58
974,-36.17
975,-36.42
976,-35.17
977,-34.11
978,-41.47
979,-38.27
980,-42.03
981,-37.0
982,-33.08
983,-43.39
984,-35.36
985,-39.28
986,-38.34
987,-36.87
988,-39.53
989,-36.93
990,-37.5
991,-40.0
992,-36.35
993,-39.65
994,-38.59
995,-38.7
996,-37.21
997,-37.55
998,-37.84
999,-41.1
1000,-39.48
