1,-40.97
2,-38.31
3,-40.67
4,-35.97
5,-37.07
6,-36.56
7,-43.33
8,-37.3
9,-37.59
10,-38.05
11,-38.35
12,-37.4
13,-36.5
14,-37.5
15,-37.81
16,-38.95
17,-39.39
18,-36.24
19,-42.15
20,-41.56
21,-38.91
22,-36.48
23,-38.68
24,-40.51
25,-37.81
26,-38.37
27,-39.23
28,-38.13
29,-40.38
30,-38.63
31,-38.95
32,-37.93
33,-36.92
34,-39.12
35,-37.68
36,-41.36
37,-40.96
38,-40.19
39,-39.27
40,-38.74
41,-39.77
42,-37.68
43,-40.07
44,-36.0
45,-40.03
46,-40.4
47,-37.99
48,-38.45
49,-43.86
50,-39.44
51,-34.81
52,-40.89
53,-42.42
54,-40.64
55,-39.65
56,-39.87
57,-43.24
58,-44.83
59,-39.65
60,-42.63
61,-43.3
62,-45.41
63,-39.43
64,-38.67
65,-42.55
66,-40.73
67,-39.17
68,-39.96
69,-41.04
70,-43.72
71,-41.73
72,-42.37
73,-41.45
74,-43.55
75,-42.53
76,-40.61
77,-39.55
78,-37.92
79,-42.16
80,-44.07
81,-38.76
82,-44.37
83,-42.58
84,-43.09
85,-41.75
86,-43.99
87,-42.41
88,-42.69
89,-39.21
90,-43.7
91,-41.9
92,-40.38
93,-44.21
94,-40.78
95,-40.46
96,-42.0
97,-40.2
98,-45.0
99,-39.29
100,-46.45
101,-44.07
102,-45.47
103,-43.28
104,-46.89
105,-39.01
106,-41.14
107,-40.87
108,-42.15
109,-44.6
110,-40.46
111,-41.17
112,-47.36
113,-44.47
114,-39.92
115,-43.67
116,-43.89
117,-45.6
118,-42.14
119,-41.79
120,-43.91
121,-42.11
122,-44.16
123,-43.97
124,-43.73
125,-41.32
126,-41.53
127,-42.3
128,-41.29
129,-43.17
130,-36.47
131,-46.44
132,-41.36
133,-39.47
134,-40.52
135,-42.89
136,-43.66
137,-45.17
138,-45.65
139,-39.72
140,-39.58
141,-43.7
142,-45.96
143,-37.5
144,-49.5
145,-41.95
146,-39.06
147,-46.45
148,-39.73
149,-50.72
150,-43.84
151,-42.95
152,-40.16
153,-47.06
154,-41.54
155,-42.32
156,-40.71
157,-39.39
158,-44.08
159,-38.46
160,-41.97
161,-47.93
162,-42.07
163,-43.58
164,-41.51
165,-41.69
166,-38.99
167,-41.8
168,-41.09
169,-42.43
170,-43.36
171,-46.18
172,-44.64
173,-40.3
174,-39.57
175,-43.22
176,-38.0
177,-43.55
178,-39.68
179,-40.61
180,-39.47
181,-43.1
182,-43.29
183,-43.65
184,-37.13
185,-39.29
186,-39.38
187,-37.2
188,-43.13
189,-40.81
190,-47.48
191,-42.04
192,-42.8
193,-45.87
194,-45.2
195,-43.55
196,-37.31
197,-39.47
198,-41.12
199,-43.2
200,-44.97
201,-47.55
202,-47.45
203,-45.87
204,-45.31
205,-44.23
206,-41.57
207,-43.58
208,-39.35
209,-38.13
210,-38.61
211,-46.06
212,-41.22
213,-41.97
214,-40.53
215,-41.04
216,-40.49
217,-44.15
218,-36.53
219,-39.28
220,-42.97
221,-42.62
222,-45.07
223,-44.07
224,-37.45
225,-38.35
226,-41.94
227,-36.53
228,-39.98
229,-41.34
230,-35.07
231,-45.91
232,-38.92
233,-43.91
234,-37.2
235,-48.34
236,-45.39
237,-38.11
238,-41.6
239,-43.38
240,-41.18
241,-44.02
242,-42.78
243,-39.2
244,-43.08
245,-37.83
246,-45.64
247,-41.58
248,-43.34
249,-43.55
250,-40.36
251,-45.26
252,-40.48
253,-40.63
254,-38.71
255,-45.25
256,-40.76
257,-43.95
258,-40.42
259,-39.26
260,-38.0
261,-37.73
262,-42.74
263,-45.73
264,-39.23
265,-39.57
266,-45.82
267,-43.11
268,-41.69
269,-38.58
270,-38.83
271,-39.11
272,-44.75
273,-40.36
274,-40.73
275,-48.19
276,-39.43
277,-44.89
278,-39.16
279,-41.72
280,-39.48
281,-44.53
282,-40.01
283,-45.12
284,-43.05
285,-43.23
286,-38.89
287,-41.04
288,-44.18
289,-37.92
290,-40.75
291,-35.41
292,-42.42
293,-38.18
294,-41.49
295,-37.42
296,-40.02
297,-43.6
298,-40.42
299,-39.37
300,-40.41
301,-38.88
302,-36.19
303,-36.77
304,-44.03
305,-40.67
306,-39.1
307,-42.89
308,-41.13
309,-38.89
310,-39.91
311,-42.7
312,-39.13
313,-41.02
314,-37.51
315,-41.84
316,-40.62
317,-37.98
318,-40.73
319,-37.84
320,-41.7
321,-40.33
322,-38.91
323,-41.35
324,-41.57
325,-44.47
326,-40.49
327,-37.65
328,-40.41
329,-40.46
330,-43.07
331,-40.85
332,-40.51
333,-43.87
334,-42.01
335,-40.53
336,-41.13
337,-43.26
338,-40.76
339,-39.27
340,-37.71
341,-39.23
342,-37.65
343,-38.71
344,-41.08
345,-35.8
346,-41.07
347,-39.8
348,-42.31
349,-41.72
350,-38.34
351,-47.09
352,-43.1
353,-41.76
354,-40.77
355,-38.83
356,-36.57
357,-34.98
358,-45.61
359,-46.27
360,-37.08
361,-36.8
362,-38.38
363,-39.69
364,-39.03
365,-40.98
366,-45.17
367,-39.72
368,-41.05
369,-42.18
370,-44.95
371,-38.06
372,-38.41
373,-39.97
374,-37.97
375,-46.59
376,-39.37
377,-42.3
378,-40.09
379,-42.92
380,-41.31
381,-40.33
382,-45.55
383,-37.58
384,-42.23
385,-44.94
386,-39.12
387,-39.91
388,-39.82
389,-39.24
390,-41.61
391,-41.17
392,-42.36
393,-41.13
394,-46.83
395,-43.41
396,-42.98
397,-37.72
398,-40.43
399,-39.58
400,-39.58
401,-38.42
402,-39.68
403,-42.39
404,-40.72
405,-42.08
406,-36.28
407,-40.56
408,-41.09
409,-40.62
410,-42.84
411,-44.0
412,-40.94
413,-44.12
414,-43.24
415,-41.56
416,-40.04
417,-40.85
418,-42.21
419,-40.65
420,-42.55
421,-39.1
422,-43.51
423,-38.44
424,-41.48
425,-39.58
426,-44.27
427,-38.38
428,-38.58
429,-42.75
430,-37.97
431,-39.29
432,-37.88
433,-37.58
434,-36.95
435,-40.15
436,-38.36
437,-39.34
438,-44.57
439,-40.87
440,-37.5
441,-45.29
442,-37.62
443,-42.79
444,-44.04
445,-38.51
446,-43.29
447,-40.7
448,-38.65
449,-39.65
450,-39.42
451,-41.14
452,-42.04
453,-42.73
454,-40.15
455,-42.42
456,-43.77
457,-40.85
458,-39.77
459,-36.03
460,-36.76
461,-38.25
462,-41.78
463,-39.53
464,-36.31
465,-39.11
466,-39.88
467,-43.76
468,-39.61
469,-40.58
470,-35.79
471,-41.5
472,-39.77
473,-38.98
474,-43.6
475,-36.99
476,-38.66
477,-39.41
478,-42.9
479,-42.05
480,-42.47
481,-38.15
482,-40.89
483,-43.74
484,-43.38
485,-44.73
486,-37.15
487,-40.96
488,-40.75
489,-41.17
490,-41.79
491,-36.41
492,-39.73
493,-44.1
494,-42.66
495,-38.57
496,-41.4
497,-41.83
498,-36.92
499,-38.87
500,-45.95
501,-44.87
502,-44.36
503,-36.78
504,-38.26
505,-38.03
506,-39.27
507,-41.59
508,-41.3
509,-38.84
510,-39.2
511,-41.56
512,-37.79
513,-37.6
514,-36.97
515,-40.16
516,-38.06
517,-36.07
518,-36.92
519,-39.12
520,-39.7
521,-39.37
522,-39.54
523,-38.94
524,-38.77
525,-43.59
526,-38.2
527,-41.93
528,-33.7
529,-40.53
530,-40.92
531,-40.29
532,-37.07
533,-39.77
534,-44.32
535,-39.19
536,-43.72
537,-43.41
538,-42.78
539,-38.92
540,-40.2
541,-39.06
542,-39.35
543,-37.3
544,-42.73
545,-40.12
546,-40.25
547,-41.08
548,-40.53
549,-40.65
550,-43.21
551,-38.42
552,-40.2
553,-41.23
554,-43.2
555,-45.74
556,-41.23
557,-42.31
558,-43.24
559,-42.96
560,-35.76
561,-41.15
562,-36.67
563,-37.38
564,-38.62
565,-37.71
566,-43.43
567,-40.0
568,-37.76
569,-41.05
570,-39.22
571,-39.81
572,-43.04
573,-41.35
574,-35.87
575,-38.27
576,-38.78
577,-38.8
578,-36.63
579,-43.68
580,-41.24
581,-37.7
582,-45.36
583,-41.3
584,-42.13
585,-38.28
586,-40.97
587,-41.49
588,-37.32
589,-42.56
590,-40.81
591,-36.33
592,-39.74
593,-37.74
594,-36.49
595,-38.24
596,-44.82
597,-38.99
598,-40.75
599,-38.52
600,-40.91
601,-44.26
602,-40.02
603,-39.52
604,-39.87
605,-41.01
606,-40.25
607,-43.83
608,-38.67
609,-39.3
610,-37.75
611,-41.21
612,-39.34
613,-38.6
614,-39.08
615,-42.49
616,-39.67
617,-36.1
618,-38.51
619,-38.79
620,-43.35
621,-40.07
622,-40.32
623,-39.53
624,-38.58
625,-34.57
626,-39.26
627,-40.98
628,-39.54
629,-43.15
630,-44.05
631,-43.8
632,-45.15
633,-35.82
634,-38.28
635,-42.52
636,-38.63
637,-38.89
638,-42.13
639,-37.0
640,-37.98
641,-42.37
642,-40.36
643,-42.18
644,-41.16
645,-35.6
646,-38.99
647,-40.73
648,-37.72
649,-46.08
650,-39.89
651,-39.44
652,-43.95
653,-37.98
654,-39.59
655,-39.46
656,-34.64
657,-40.5
658,-41.39
659,-41.58
660,-37.25
661,-39.27
662,-39.87
663,-36.15
664,-38.98
665,-41.71
666,-35.91
667,-39.47
668,-36.37
669,-35.41
670,-41.57
671,-38.58
672,-41.93
673,-40.44
674,-37.76
675,-44.54
676,-37.53
677,-38.31
678,-34.43
679,-40.86
680,-40.73
681,-42.85
682,-41.09
683,-39.95
684,-36.53
685,-40.58
686,-36.14
687,-39.14
688,-41.89
689,-38.99
690,-39.44
691,-37.63
692,-39.41
693,-37.29
694,-38.93
695,-40.62
696,-39.73
697,-38.96
698,-37.47
699,-38.48
700,-38.85
701,-40.32
702,-40.17
703,-40.99
704,-38.96
705,-37.94
706,-42.27
707,-37.06
708,-37.73
709,-37.16
710,-41.13
711,-37.38
712,-40.11
713,-38.43
714,-37.67
715,-42.22
716,-38.18
717,-37.26
718,-38.82
719,-37.73
720,-36.61
721,-38.84
722,-37.58
723,-37.65
724,-38.9
725,-39.17
726,-37.8
727,-40.63
728,-38.97
729,-38.64
730,-41.42
731,-45.03
732,-41.56
733,-39.04
734,-35.39
735,-40.82
736,-37.42
737,-38.12
738,-38.7
739,-41.34
740,-37.77
741,-41.45
742,-39.85
743,-40.75
744,-42.6
745,-36.51
746,-40.52
747,-41.18
748,-35.98
749,-41.17
750,-38.94
751,-37.79
752,-37.29
753,-40.54
754,-41.16
755,-36.88
756,-35.73
757,-37.54
758,-41.28
759,-38.71
760,-40.46
761,-39.72
762,-42.0
763,-40.24
764,-42.05
765,-41.24
766,-41.91
767,-38.5
768,-39.33
769,-38.26
770,-39.96
771,-36.72
772,-37.3
773,-39.81
774,-35.96
775,-42.2
776,-36.36
777,-39.91
778,-40.07
779,-37.71
780,-35.24
781,-38.39
782,-40.55
783,-38.24
784,-36.62
785,-36.16
786,-38.35
787,-39.72
788,-39.14
789,-38.58
790,-36.29
791,-33.56
792,-35.47
793,-39.88
794,-38.12
795,-36.18
796,-36.7
797,-37.2
798,-38.87
799,-44.14
800,-37.32
801,-36.87
802,-42.25
803,-40.98
804,-39.26
805,-38.61
806,-40.76
807,-43.34
808,-40.01
809,-39.29
810,-42.43
811,-39.98
812,-41.8
813,-40.15
814,-36.77
815,-39.03
816,-42.86
817,-35.82
818,-39.62
819,-40.77
820,-42.22
821,-39.23
822,-38.74
823,-37.78
824,-40.35
825,-35.51
826,-37.52
827,-39.97
828,-41.4
829,-36.58
830,-46.99
831,-37.3
832,-40.6
833,-42.39
834,-39.45
835,-37.41
836,-34.79
837,-43.49
838,-40.55
839,-38.72
840,-40.35
841,-37.38
842,-37.78
843,-39.71
844,-41.69
845,-39.81
846,-37.19
847,-40.38
848,-38.41
849,-37.35
850,-37.35
851,-36.01
852,-39.2
853,-35.64
854,-35.98
855,-37.77
856,-38.44
857,-35.23
858,-35.47
859,-40.45
860,-42.72
861,-39.9
862,-37.98
863,-39.19
864,-40.58
865,-39.97
866,-41.59
867,-41.35
868,-37.0
869,-37.75
870,-40.85
871,-41.61
872,-39.14
873,-39.3
874,-39.97
875,-36.4
876,-37.98
877,-36.88
878,-43.52
879,-39.64
880,-39.52
881,-40.65
882,-38.92
883,-41.76
884,-38.06
885,-37.69
886,-38.54
887,-40.2
888,-35.37
889,-39.99
890,-35.13
891,-41.61
892,-39.37
893,-39.69
894,-41.34
895,-36.07
896,-39.85
897,-37.51
898,-37.17
899,-41.81
900,-41.41
901,-36.94
902,-40.8
903,-41.56
904,-38.02
905,-42.9
906,-40.43
907,-41.18
908,-41.58
909,-34.5
910,-44.5
911,-39.73
912,-38.75
913,-37.45
914,-36.98
915,-37.8
916,-37.89
917,-39.44
918,-41.73
919,-33.01
920,-38.32
921,-39.27
922,-42.96
923,-32.64
924,-39.79
925,-42.11
926,-38.4
927,-38.93
928,-38.0
929,-40.74
930,-39.76
931,-35.62
932,-37.87
933,-38.02
934,-36.43
935,-37.35
936,-38.21
937,-36.36
938,-37.74
939,-38.53
940,-40.86
941,-42.93
942,-41.52
943,-38.81
944,-37.3
945,-38.09
946,-38.37
947,-35.5
948,-39.62
949,-39.38
950,-38.52
951,-39.09
952,-36.06
953,-37.05
954,-44.7
955,-37.49
956,-43.92
957,-41.31
958,-36.74
959,-36.05
960,-38.3
961,-36.5
962,-37.86
963,-35.01
964,-38.34
965,-38.25
966,-37.26
967,-40.25
968,-36.76
969,-43.51
970,-40.66
971,-37.25
972,-37.45
973,-35.29
974,-39.05
975,-40.2
976,-39.62
977,-38.79
978,-38.75
979,-41.42
980,-38.37
981,-42.41
982,-42.34
983,-38.77
984,-36.95
985,-37.2
986,-38.27
987,-38.02
988,-41.18
989,-41.33
990,-38.85
991,-38.43
992,-36.02
993,-40.0
994,-35.88
995,-35.91
996,-37.13
997,-38.52
998,-41.93
999,-41.5
1000,-37.39
