1,-34.49
2,-34.31
3,-34.67
4,-33.62
5,-35.05
6,-36.27
7,-33.57
8,-33.71
9,-35.93
10,-34.81
11,-34.28
12,-35.69
13,-32.49
14,-34.72
15,-35.06
16,-35.77
17,-34.61
18,-35.28
19,-35.26
20,-35.65
21,-37.69
22,-37.25
23,-37.23
24,-35.36
25,-35.28
26,-37.16
27,-34.74
28,-36.31
29,-33.15
30,-36.25
31,-35.77
32,-36.64
33,-36.06
34,-37.25
35,-35.9
36,-34.61
37,-32.76
38,-36.22
39,-34.74
40,-33.45
41,-35.38
42,-35.74
43,-36.75
44,-37.35
45,-34.25
46,-36.28
47,-36.41
48,-36.04
49,-36.03
50,-34.78
51,-36.93
52,-36.11
53,-34.96
54,-36.05
55,-33.0
56,-36.09
57,-37.08
58,-38.72
59,-31.98
60,-37.35
61,-34.79
62,-35.18
63,-34.18
64,-34.95
65,-34.76
66,-34.85
67,-34.88
68,-36.01
69,-36.29
70,-33.52
71,-38.61
72,-37.0
73,-35.45
74,-35.63
75,-35.27
76,-33.43
77,-37.78
78,-33.99
79,-38.83
80,-35.61
81,-35.19
82,-33.67
83,-33.96
84,-32.5
85,-33.88
86,-33.2
87,-35.66
88,-35.37
89,-35.08
90,-34.68
91,-37.06
92,-34.97
93,-33.37
94,-36.73
95,-35.17
96,-34.98
97,-35.56
98,-33.23
99,-33.31
100,-36.28
101,-36.28
102,-35.9
103,-37.4
104,-35.08
105,-32.67
106,-34.97
107,-34.06
108,-38.02
109,-32.03
110,-34.37
111,-34.21
112,-34.51
113,-34.39
114,-35.08
115,-31.04
116,-34.21
117,-37.29
118,-32.27
119,-34.51
120,-33.17
121,-36.52
122,-35.3
123,-31.99
124,-33.53
125,-32.96
126,-35.35
127,-34.58
128,-34.26
129,-34.24
130,-34.31
131,-35.42
132,-32.05
133,-37.0
134,-35.74
135,-34.11
136,-33.58
137,-33.42
138,-37.0
139,-34.66
140,-35.89
141,-33.87
142,-34.35
143,-33.15
144,-35.33
145,-35.23
146,-33.52
147,-32.69
148,-31.09
149,-32.83
150,-31.73
151,-34.99
152,-35.13
153,-33.57
154,-35.94
155,-35.26
156,-32.82
157,-35.08
158,-35.22
159,-34.44
160,-33.66
161,-33.98
162,-33.52
163,-34.37
164,-33.33
165,-34.16
166,-32.85
167,-33.85
168,-34.87
169,-36.04
170,-31.48
171,-34.57
172,-35.89
173,-33.18
174,-30.42
175,-33.01
176,-32.28
177,-32.78
178,-32.54
179,-32.1
180,-30.89
181,-36.1
182,-33.4
183,-33.22
184,-33.23
185,-33.54
186,-30.82
187,-34.3
188,-32.78
189,-33.35
190,-33.01
191,-33.74
192,-36.58
193,-32.71
194,-32.61
195,-34.06
196,-33.25
197,-31.51
198,-33.93
199,-35.1
200,-31.58
201,-32.73
202,-32.44
203,-33.54
204,-31.18
205,-32.73
206,-31.06
207,-32.52
208,-32.25
209,-33.8
210,-36.38
211,-32.0
212,-33.5
213,-32.33
214,-33.54
215,-34.75
216,-31.83
217,-35.46
218,-33.01
219,-32.79
220,-32.53
221,-33.19
222,-33.37
223,-33.27
224,-33.89
225,-35.26
226,-34.4
227,-33.27
228,-33.6
229,-30.9
230,-31.56
231,-32.57
232,-33.33
233,-34.24
234,-31.65
235,-32.03
236,-31.93
237,-31.5
238,-33.28
239,-32.2
240,-32.47
241,-30.83
242,-31.79
243,-33.46
244,-32.22
245,-35.49
246,-34.79
247,-31.88
248,-32.98
249,-33.36
250,-33.45
251,-31.69
252,-30.24
253,-32.64
254,-31.21
255,-32.04
256,-33.41
257,-34.5
258,-31.1
259,-30.22
260,-33.31
261,-32.86
262,-31.8
263,-32.59
264,-32.33
265,-30.83
266,-33.54
267,-30.64
268,-32.85
269,-30.57
270,-32.04
271,-34.1
272,-29.59
273,-33.08
274,-31.83
275,-30.42
276,-32.03
277,-32.67
278,-31.41
279,-31.48
280,-30.92
281,-31.23
282,-32.24
283,-32.23
284,-34.0
285,-32.24
286,-33.04
287,-30.99
288,-32.79
289,-31.8
290,-33.96
291,-30.95
292,-35.24
293,-32.34
294,-32.3
295,-30.39
296,-30.93
297,-31.14
298,-33.4
299,-30.6
300,-30.69
301,-29.11
302,-31.49
303,-33.06
304,-32.66
305,-31.46
306,-32.0
307,-34.16
308,-31.16
309,-30.06
310,-31.2
311,-31.69
312,-31.55
313,-32.46
314,-29.59
315,-32.74
316,-33.36
317,-31.46
318,-31.89
319,-33.32
320,-32.69
321,-32.48
322,-32.02
323,-32.32
324,-31.98
325,-30.84
326,-31.51
327,-30.97
328,-30.77
329,-31.45
330,-33.0
331,-30.98
332,-32.73
333,-31.28
334,-31.95
335,-31.16
336,-30.46
337,-31.93
338,-31.01
339,-32.87
340,-32.07
341,-29.65
342,-32.49
343,-32.92
344,-31.84
345,-29.87
346,-30.86
347,-30.63
348,-34.94
349,-33.08
350,-30.64
351,-31.18
352,-33.84
353,-32.96
354,-31.65
355,-31.23
356,-32.25
357,-33.79
358,-30.63
359,-33.03
360,-32.24
361,-32.2
362,-32.31
363,-32.02
364,-29.43
365,-33.33
366,-31.39
367,-31.03
368,-32.92
369,-32.55
370,-31.69
371,-30.05
372,-30.27
373,-33.53
374,-30.56
375,-31.42
376,-30.34
377,-31.2
378,-30.26
379,-30.35
380,-32.24
381,-32.04
382,-33.06
383,-29.92
384,-31.25
385,-32.31
386,-30.32
387,-30.99
388,-31.87
389,-32.84
390,-32.13
391,-32.88
392,-29.31
393,-32.03
394,-29.91
395,-30.94
396,-30.75
397,-30.73
398,-30.6
399,-31.66
400,-32.9
401,-29.62
402,-31.86
403,-27.84
404,-28.41
405,-31.35
406,-30.81
407,-28.47
408,-29.39
409,-30.89
410,-31.16
411,-31.59
412,-29.85
413,-32.69
414,-30.14
415,-31.65
416,-29.37
417,-31.53
418,-30.77
419,-30.02
420,-29.72
421,-29.57
422,-30.62
423,-28.93
424,-31.63
425,-29.18
426,-31.73
427,-29.74
428,-32.53
429,-30.25
430,-27.14
431,-32.45
432,-30.25
433,-29.31
434,-31.88
435,-30.58
436,-31.79
437,-29.57
438,-30.07
439,-30.35
440,-28.99
441,-30.34
442,-29.84
443,-28.44
444,-27.67
445,-29.91
446,-30.68
447,-29.76
448,-29.76
449,-29.92
450,-32.85
451,-31.59
452,-28.41
453,-29.61
454,-30.23
455,-30.55
456,-30.78
457,-29.09
458,-30.12
459,-29.02
460,-29.67
461,-30.46
462,-29.01
463,-29.3
464,-30.34
465,-31.11
466,-29.34
467,-30.4
468,-29.14
469,-31.31
470,-29.98
471,-31.05
472,-29.95
473,-29.9
474,-31.06
475,-28.66
476,-30.41
477,-30.11
478,-29.99
479,-30.11
480,-30.61
481,-30.2
482,-29.12
483,-30.62
484,-28.75
485,-30.91
486,-29.5
487,-27.95
488,-30.46
489,-30.27
490,-28.57
491,-29.33
492,-30.03
493,-31.21
494,-29.51
495,-28.63
496,-30.43
497,-31.25
498,-30.25
499,-28.07
500,-28.85
501,-29.13
502,-29.02
503,-30.38
504,-30.42
505,-29.02
506,-29.64
507,-28.8
508,-28.01
509,-30.47
510,-30.56
511,-29.54
512,-28.32
513,-29.73
514,-30.39
515,-30.24
516,-30.31
517,-29.0
518,-30.0
519,-30.86
520,-29.19
521,-27.34
522,-29.96
523,-28.96
524,-30.75
525,-29.55
526,-31.44
527,-29.32
528,-28.4
529,-29.55
530,-29.29
531,-31.13
532,-29.73
533,-29.46
534,-31.54
535,-32.35
536,-29.73
537,-29.86
538,-29.9
539,-29.66
540,-29.62
541,-28.18
542,-28.85
543,-30.17
544,-28.77
545,-28.08
546,-28.13
547,-29.21
548,-31.44
549,-29.68
550,-30.03
551,-28.32
552,-29.42
553,-30.47
554,-28.99
555,-29.0
556,-29.64
557,-29.73
558,-29.34
559,-29.77
560,-29.86
561,-27.92
562,-30.61
563,-28.67
564,-29.31
565,-30.29
566,-29.52
567,-28.89
568,-29.53
569,-29.36
570,-31.23
571,-27.91
572,-30.47
573,-28.73
574,-29.75
575,-30.08
576,-31.09
577,-30.1
578,-29.21
579,-28.01
580,-27.95
581,-29.94
582,-29.02
583,-31.07
584,-29.08
585,-29.58
586,-28.23
587,-28.77
588,-27.46
589,-28.84
590,-29.8
591,-29.03
592,-29.24
593,-29.13
594,-30.52
595,-29.0
596,-29.52
597,-28.14
598,-30.32
599,-27.68
600,-28.77
601,-29.88
602,-27.6
603,-29.27
604,-29.09
605,-29.23
606,-27.49
607,-29.0
608,-28.07
609,-29.63
610,-27.42
611,-28.07
612,-28.01
613,-29.48
614,-28.69
615,-28.73
616,-28.17
617,-29.21
618,-29.23
619,-29.25
620,-29.96
621,-30.56
622,-29.23
623,-30.12
624,-29.58
625,-29.34
626,-28.93
627,-29.14
628,-30.34
629,-28.54
630,-29.5
631,-28.19
632,-29.69
633,-30.31
634,-29.35
635,-29.61
636,-30.12
637,-29.77
638,-27.95
639,-28.2
640,-28.97
641,-27.91
642,-29.23
643,-29.51
644,-29.45
645,-30.06
646,-29.45
647,-29.48
648,-28.11
649,-29.51
650,-28.74
651,-29.02
652,-29.03
653,-29.14
654,-30.03
655,-30.19
656,-27.83
657,-28.23
658,-29.09
659,-29.74
660,-27.85
661,-29.81
662,-28.39
663,-28.92
664,-29.77
665,-28.7
666,-29.29
667,-28.33
668,-27.82
669,-26.82
670,-27.71
671,-28.49
672,-29.3
673,-28.18
674,-28.42
675,-27.75
676,-28.86
677,-29.1
678,-26.91
679,-30.46
680,-28.49
681,-27.59
682,-28.46
683,-27.82
684,-27.65
685,-30.97
686,-28.24
687,-30.11
688,-28.83
689,-29.06
690,-27.6
691,-28.11
692,-28.18
693,-29.39
694,-28.19
695,-27.36
696,-30.03
697,-30.45
698,-30.91
699,-28.89
700,-30.31
701,-28.87
702,-29.84
703,-28.34
704,-29.46
705,-28.38
706,-28.63
707,-28.54
708,-28.44
709,-29.35
710,-28.2
711,-28.78
712,-30.06
713,-28.11
714,-27.3
715,-27.56
716,-28.22
717,-28.14
718,-29.29
719,-28.16
720,-28.06
721,-29.01
722,-29.23
723,-26.95
724,-30.11
725,-29.6
726,-30.24
727,-27.54
728,-28.19
729,-28.3
730,-29.53
731,-28.89
732,-27.22
733,-28.08
734,-28.46
735,-27.98
736,-28.23
737,-31.22
738,-27.01
739,-27.62
740,-29.18
741,-28.68
742,-27.42
743,-28.86
744,-28.75
745,-28.8
746,-28.26
747,-27.26
748,-29.61
749,-26.78
750,-27.63
751,-28.3
752,-27.61
753,-29.3
754,-28.55
755,-27.37
756,-28.97
757,-28.54
758,-29.04
759,-26.35
760,-27.34
761,-27.86
762,-30.51
763,-28.84
764,-26.6
765,-27.45
766,-29.48
767,-27.1
768,-25.97
769,-28.45
770,-26.65
771,-28.71
772,-28.94
773,-28.52
774,-25.55
775,-28.86
776,-27.16
777,-28.21
778,-26.98
779,-27.27
780,-27.7
781,-27.85
782,-28.24
783,-28.43
784,-26.02
785,-28.83
786,-27.38
787,-27.94
788,-28.08
789,-29.34
790,-27.58
791,-29.11
792,-28.24
793,-28.58
794,-27.38
795,-26.56
796,-29.12
797,-25.48
798,-29.35
799,-29.49
800,-28.42
801,-30.11
802,-27.15
803,-28.6
804,-28.81
805,-27.98
806,-29.28
807,-27.28
808,-29.25
809,-28.72
810,-28.51
811,-27.07
812,-28.09
813,-27.17
814,-27.77
815,-28.24
816,-27.64
817,-27.58
818,-26.46
819,-28.38
820,-27.61
821,-27.86
822,-29.72
823,-28.43
824,-27.77
825,-26.44
826,-27.3
827,-28.12
828,-27.63
829,-29.12
830,-26.04
831,-28.89
832,-27.89
833,-27.32
834,-25.66
835,-27.7
836,-27.71
837,-27.37
838,-24.68
839,-27.25
840,-28.18
841,-26.92
842,-27.62
843,-28.82
844,-26.63
845,-26.1
846,-27.55
847,-28.2
848,-29.07
849,-28.43
850,-26.45
851,-29.93
852,-28.64
853,-25.92
854,-25.62
855,-26.98
856,-27.94
857,-27.62
858,-27.73
859,-25.48
860,-27.24
861,-26.91
862,-27.41
863,-29.33
864,-28.12
865,-27.06
866,-26.39
867,-28.04
868,-26.69
869,-29.05
870,-28.33
871,-28.45
872,-26.04
873,-27.49
874,-29.29
875,-28.03
876,-27.22
877,-27.42
878,-25.49
879,-28.02
880,-28.08
881,-27.1
882,-28.33
883,-27.43
884,-27.2
885,-27.01
886,-26.84
887,-27.41
888,-28.27
889,-28.1
890,-27.63
891,-27.72
892,-28.1
893,-26.92
894,-26.45
895,-29.31
896,-28.82
897,-26.48
898,-29.17
899,-26.86
900,-26.7
901,-27.31
902,-26.13
903,-26.54
904,-27.88
905,-29.29
906,-28.12
907,-27.7
908,-26.34
909,-26.78
910,-27.44
911,-27.93
912,-28.44
913,-27.26
914,-27.84
915,-27.08
916,-26.79
917,-28.35
918,-26.14
919,-28.08
920,-26.51
921,-27.76
922,-27.16
923,-27.46
924,-27.2
925,-26.81
926,-28.06
927,-28.7
928,-27.35
929,-27.62
930,-26.5
931,-26.69
932,-25.9
933,-27.33
934,-27.42
935,-27.91
936,-27.26
937,-25.22
938,-28.89
939,-28.13
940,-27.31
941,-26.77
942,-27.0
943,-27.08
944,-26.89
945,-27.64
946,-28.98
947,-27.33
948,-25.95
949,-27.67
950,-26.95
951,-26.38
952,-25.61
953,-27.67
954,-27.84
955,-27.32
956,-26.7
957,-25.97
958,-27.01
959,-27.44
960,-25.31
961,-29.03
962,-28.51
963,-25.62
964,-27.29
965,-27.47
966,-25.57
967,-26.44
968,-27.76
969,-29.04
970,-27.57
971,-25.54
972,-27.61
973,-27.32
974,-27.99
975,-26.35
976,-27.21
977,-27.75
978,-25.52
979,-26.22
980,-27.37
981,-26.09
982,-26.31
983,-25.44
984,-26.94
985,-27.06
986,-24.28
987,-25.77
988,-27.01
989,-27.28
990,-26.68
991,-25.11
992,-28.26
993,-26.77
994,-25.96
995,-28.14
996,-26.47
997,-25.56
998,-26.92
999,-27.39
1000,-28.58
