1,-38.4
2,-35.71
3,-35.18
4,-38.28
5,-37.08
6,-37.24
7,-33.91
8,-38.86
9,-35.31
10,-37.11
11,-36.9
12,-36.37
13,-39.14
14,-38.11
15,-37.59
16,-37.09
17,-36.83
18,-31.95
19,-31.85
20,-36.1
21,-34.75
22,-34.68
23,-31.28
24,-36.56
25,-33.17
26,-32.36
27,-31.8
28,-32.91
29,-30.95
30,-30.96
31,-32.69
32,-29.87
33,-30.3
34,-31.74
35,-33.0
36,-29.92
37,-31.38
38,-32.98
39,-32.54
40,-32.01
41,-33.04
42,-33.53
43,-34.65
44,-30.91
45,-30.38
46,-33.06
47,-32.46
48,-33.72
49,-30.99
50,-34.48
51,-34.74
52,-32.86
53,-32.37
54,-32.25
55,-32.32
56,-33.3
57,-30.0
58,-32.02
59,-29.24
60,-33.44
61,-31.86
62,-30.86
63,-31.08
64,-31.8
65,-31.37
66,-31.14
67,-31.63
68,-30.15
69,-31.89
70,-30.63
71,-29.55
72,-31.31
73,-31.65
74,-29.1
75,-30.92
76,-30.22
77,-29.39
78,-29.49
79,-29.18
80,-32.71
81,-29.29
82,-30.28
83,-29.2
84,-30.8
85,-30.38
86,-30.58
87,-29.77
88,-32.46
89,-29.99
90,-29.43
91,-29.22
92,-30.72
93,-32.28
94,-31.2
95,-31.71
96,-30.03
97,-27.48
98,-29.88
99,-29.29
100,-29.39
101,-29.41
102,-28.08
103,-32.06
104,-29.2
105,-30.47
106,-30.35
107,-30.47
108,-30.32
109,-29.85
110,-30.2
111,-29.48
112,-31.7
113,-29.75
114,-28.77
115,-31.53
116,-28.44
117,-30.67
118,-31.29
119,-29.64
120,-28.77
121,-27.5
122,-30.95
123,-31.7
124,-30.95
125,-31.1
126,-31.9
127,-27.95
128,-30.85
129,-30.09
130,-31.25
131,-29.12
132,-30.92
133,-33.98
134,-31.45
135,-27.13
136,-28.8
137,-30.29
138,-28.08
139,-31.04
140,-31.7
141,-31.8
142,-29.28
143,-28.71
144,-32.48
145,-32.83
146,-29.74
147,-32.47
148,-30.45
149,-29.46
150,-29.97
151,-28.63
152,-29.96
153,-32.05
154,-29.48
155,-28.93
156,-29.98
157,-32.0
158,-34.89
159,-28.77
160,-28.87
161,-28.35
162,-29.61
163,-28.01
164,-29.58
165,-29.22
166,-27.87
167,-29.09
168,-30.29
169,-30.64
170,-29.44
171,-29.16
172,-31.44
173,-28.38
174,-29.77
175,-31.19
176,-29.88
177,-29.84
178,-31.08
179,-31.08
180,-28.71
181,-30.32
182,-28.13
183,-30.09
184,-29.64
185,-29.35
186,-29.3
187,-30.08
188,-28.51
189,-28.8
190,-29.83
191,-28.74
192,-27.66
193,-28.78
194,-28.2
195,-28.11
196,-28.66
197,-28.94
198,-28.16
199,-29.18
200,-30.54
201,-29.21
202,-29.66
203,-30.12
204,-27.05
205,-30.08
206,-28.76
207,-28.49
208,-28.82
209,-28.0
210,-30.28
211,-29.57
212,-30.38
213,-30.05
214,-28.23
215,-28.63
216,-29.33
217,-28.16
218,-31.39
219,-28.72
220,-31.45
221,-27.63
222,-29.05
223,-28.82
224,-28.96
225,-28.87
226,-28.37
227,-28.12
228,-29.72
229,-30.71
230,-27.64
231,-30.04
232,-30.17
233,-28.98
234,-29.53
235,-28.1
236,-28.86
237,-30.58
238,-29.41
239,-28.3
240,-29.67
241,-29.63
242,-28.75
243,-28.49
244,-27.44
245,-28.1
246,-30.91
247,-28.86
248,-31.12
249,-27.95
250,-27.3
251,-28.88
252,-29.15
253,-29.61
254,-31.11
255,-29.6
256,-30.12
257,-30.62
258,-29.07
259,-31.61
260,-28.63
261,-28.14
262,-30.57
263,-28.23
264,-28.53
265,-28.91
266,-31.71
267,-30.17
268,-29.37
269,-28.05
270,-28.98
271,-28.56
272,-29.48
273,-29.05
274,-29.68
275,-28.84
276,-29.88
277,-29.86
278,-30.41
279,-31.91
280,-29.4
281,-28.78
282,-31.02
283,-28.93
284,-29.42
285,-29.06
286,-30.09
287,-30.43
288,-29.15
289,-29.35
290,-29.91
291,-32.25
292,-30.1
293,-31.46
294,-29.8
295,-30.76
296,-27.83
297,-30.27
298,-29.0
299,-29.36
300,-30.69
301,-31.14
302,-30.3
303,-32.01
304,-28.28
305,-30.77
306,-30.2
307,-28.95
308,-28.87
309,-29.02
310,-28.4
311,-31.18
312,-30.01
313,-31.11
314,-31.6
315,-30.09
316,-28.04
317,-29.6
318,-29.47
319,-31.59
320,-31.19
321,-29.53
322,-33.41
323,-30.81
324,-27.28
325,-31.88
326,-30.07
327,-33.78
328,-26.72
329,-30.41
330,-31.47
331,-29.43
332,-30.16
333,-30.92
334,-28.16
335,-29.05
336,-33.07
337,-29.08
338,-30.26
339,-29.59
340,-31.85
341,-31.41
342,-32.69
343,-30.89
344,-33.58
345,-32.54
346,-29.61
347,-31.15
348,-29.99
349,-31.84
350,-32.62
351,-30.57
352,-31.48
353,-29.67
354,-30.24
355,-31.17
356,-29.68
357,-29.77
358,-33.67
359,-29.59
360,-32.49
361,-30.84
362,-30.44
363,-31.78
364,-31.83
365,-30.63
366,-31.34
367,-33.23
368,-30.97
369,-33.5
370,-32.41
371,-30.91
372,-31.41
373,-29.43
374,-29.33
375,-30.75
376,-30.33
377,-30.57
378,-30.23
379,-27.93
380,-30.61
381,-30.37
382,-30.87
383,-28.49
384,-29.95
385,-30.37
386,-32.06
387,-30.65
388,-32.03
389,-32.52
390,-30.41
391,-31.33
392,-33.35
393,-29.53
394,-29.13
395,-29.54
396,-30.22
397,-31.56
398,-30.87
399,-32.31
400,-30.25
401,-32.7
402,-30.42
403,-30.08
404,-32.04
405,-31.55
406,-29.1
407,-28.33
408,-30.4
409,-30.63
410,-31.3
411,-30.95
412,-32.37
413,-30.7
414,-31.33
415,-29.62
416,-30.55
417,-29.48
418,-30.89
419,-31.02
420,-31.7
421,-32.55
422,-29.16
423,-31.51
424,-28.66
425,-30.14
426,-28.39
427,-31.0
428,-30.56
429,-32.49
430,-31.13
431,-29.92
432,-30.88
433,-30.29
434,-31.75
435,-32.16
436,-31.73
437,-29.32
438,-29.38
439,-28.71
440,-30.68
441,-29.54
442,-30.82
443,-27.4
444,-32.12
445,-28.92
446,-31.66
447,-29.68
448,-31.07
449,-32.11
450,-31.74
451,-29.75
452,-29.27
453,-32.34
454,-32.71
455,-28.97
456,-31.77
457,-30.02
458,-31.74
459,-29.48
460,-31.46
461,-29.28
462,-31.25
463,-28.6
464,-31.22
465,-27.62
466,-29.27
467,-29.87
468,-31.26
469,-29.05
470,-31.27
471,-31.75
472,-31.81
473,-29.8
474,-30.34
475,-29.31
476,-30.99
477,-30.98
478,-29.84
479,-30.5
480,-29.72
481,-29.42
482,-30.83
483,-30.78
484,-30.82
485,-29.88
486,-29.84
487,-30.73
488,-30.83
489,-30.19
490,-28.28
491,-29.93
492,-29.36
493,-26.73
494,-30.21
495,-32.26
496,-31.78
497,-31.54
498,-31.05
499,-30.21
500,-30.89
501,-28.44
502,-27.9
503,-30.37
504,-30.19
505,-30.07
506,-30.57
507,-31.53
508,-32.56
509,-32.35
510,-34.06
511,-31.02
512,-32.42
513,-28.26
514,-32.21
515,-30.86
516,-29.37
517,-29.41
518,-31.62
519,-34.61
520,-31.31
521,-31.14
522,-30.02
523,-30.92
524,-30.61
525,-33.31
526,-28.73
527,-27.92
528,-31.44
529,-30.05
530,-32.05
531,-28.74
532,-33.97
533,-30.7
534,-31.11
535,-29.87
536,-31.63
537,-33.89
538,-32.75
539,-29.73
540,-30.71
541,-31.72
542,-28.67
543,-30.65
544,-29.79
545,-29.78
546,-30.57
547,-33.44
548,-30.7
549,-31.18
550,-30.47
551,-28.38
552,-32.96
553,-31.04
554,-30.46
555,-28.57
556,-30.67
557,-27.5
558,-30.23
559,-30.38
560,-30.73
561,-29.94
562,-31.51
563,-31.37
564,-31.1
565,-31.5
566,-31.57
567,-29.97
568,-32.08
569,-29.87
570,-29.22
571,-29.12
572,-31.06
573,-31.34
574,-31.54
575,-31.58
576,-27.5
577,-28.95
578,-28.87
579,-27.83
580,-30.65
581,-30.5
582,-32.77
583,-30.46
584,-30.43
585,-29.72
586,-29.44
587,-29.76
588,-31.51
589,-30.44
590,-31.35
591,-31.24
592,-28.41
593,-28.25
594,-30.44
595,-29.78
596,-30.22
597,-29.5
598,-31.02
599,-30.34
600,-29.95
601,-28.9
602,-28.85
603,-30.89
604,-30.3
605,-30.35
606,-33.04
607,-30.41
608,-27.39
609,-29.05
610,-30.96
611,-29.12
612,-27.88
613,-29.93
614,-30.79
615,-31.32
616,-31.64
617,-28.75
618,-31.82
619,-32.0
620,-29.1
621,-30.52
622,-31.04
623,-31.39
624,-28.69
625,-31.33
626,-30.43
627,-31.72
628,-32.84
629,-30.33
630,-31.78
631,-31.17
632,-32.73
633,-31.15
634,-30.91
635,-31.17
636,-34.08
637,-30.31
638,-30.09
639,-30.68
640,-28.93
641,-30.21
642,-29.77
643,-32.26
644,-32.14
645,-33.38
646,-31.44
647,-30.29
648,-33.51
649,-31.14
650,-32.27
651,-34.25
652,-32.0
653,-31.24
654,-30.53
655,-29.87
656,-30.78
657,-32.48
658,-30.13
659,-31.25
660,-32.28
661,-30.2
662,-34.51
663,-34.28
664,-29.16
665,-31.55
666,-31.32
667,-32.27
668,-30.27
669,-32.35
670,-29.1
671,-31.08
672,-36.57
673,-28.97
674,-30.99
675,-31.45
676,-28.4
677,-31.67
678,-31.05
679,-30.59
680,-30.48
681,-31.19
682,-29.62
683,-29.45
684,-31.61
685,-30.75
686,-31.13
687,-32.2
688,-30.69
689,-29.52
690,-31.56
691,-28.48
692,-30.0
693,-30.21
694,-30.06
695,-32.35
696,-32.85
697,-31.91
698,-32.76
699,-29.69
700,-30.06
701,-32.57
702,-30.05
703,-29.8
704,-30.02
705,-29.89
706,-31.1
707,-30.95
708,-29.63
709,-30.76
710,-31.94
711,-29.85
712,-28.36
713,-31.7
714,-30.32
715,-27.68
716,-30.95
717,-29.58
718,-29.09
719,-29.33
720,-29.6
721,-31.64
722,-28.77
723,-29.25
724,-30.0
725,-29.98
726,-30.43
727,-31.0
728,-31.17
729,-29.53
730,-30.17
731,-29.47
732,-30.57
733,-29.2
734,-28.82
735,-32.19
736,-29.65
737,-30.11
738,-30.19
739,-30.08
740,-29.05
741,-30.26
742,-32.18
743,-29.67
744,-31.54
745,-27.54
746,-29.79
747,-28.11
748,-30.68
749,-32.59
750,-30.31
751,-28.78
752,-30.38
753,-27.87
754,-28.03
755,-29.16
756,-33.42
757,-29.42
758,-29.65
759,-30.34
760,-31.8
761,-28.47
762,-30.97
763,-31.55
764,-32.18
765,-29.44
766,-32.35
767,-31.64
768,-30.13
769,-31.75
770,-30.37
771,-28.94
772,-32.79
773,-30.75
774,-33.56
775,-31.34
776,-29.43
777,-32.23
778,-33.41
779,-27.82
780,-30.85
781,-33.12
782,-31.1
783,-28.43
784,-30.71
785,-30.47
786,-30.01
787,-30.28
788,-30.0
789,-31.3
790,-31.7
791,-31.11
792,-28.45
793,-29.68
794,-31.38
795,-29.08
796,-30.01
797,-30.96
798,-31.67
799,-29.86
800,-30.47
801,-31.95
802,-29.07
803,-29.25
804,-30.97
805,-31.87
806,-30.09
807,-32.36
808,-29.83
809,-30.98
810,-28.97
811,-31.93
812,-33.91
813,-29.97
814,-31.21
815,-31.88
816,-31.38
817,-30.73
818,-28.73
819,-30.49
820,-30.57
821,-31.02
822,-32.33
823,-31.95
824,-31.19
825,-31.09
826,-29.28
827,-33.22
828,-30.45
829,-32.17
830,-28.45
831,-31.3
832,-32.61
833,-30.41
834,-28.61
835,-29.3
836,-30.2
837,-31.87
838,-30.47
839,-29.28
840,-29.47
841,-30.25
842,-31.2
843,-31.52
844,-28.39
845,-29.95
846,-30.97
847,-28.54
848,-28.84
849,-31.5
850,-31.14
851,-31.77
852,-31.63
853,-30.04
854,-29.89
855,-27.69
856,-27.72
857,-29.66
858,-28.23
859,-27.71
860,-28.78
861,-29.22
862,-28.66
863,-31.59
864,-29.58
865,-32.98
866,-29.87
867,-32.21
868,-30.86
869,-29.71
870,-30.03
871,-28.07
872,-28.6
873,-29.59
874,-30.2
875,-30.8
876,-29.07
877,-30.09
878,-29.95
879,-29.91
880,-31.15
881,-30.76
882,-30.07
883,-32.57
884,-33.61
885,-29.29
886,-27.32
887,-33.32
888,-31.18
889,-29.77
890,-31.35
891,-29.63
892,-31.59
893,-29.47
894,-29.33
895,-30.08
896,-30.81
897,-29.6
898,-29.61
899,-30.58
900,-28.71
901,-30.66
902,-30.82
903,-29.71
904,-30.08
905,-29.23
906,-30.32
907,-31.32
908,-30.31
909,-30.08
910,-31.01
911,-29.88
912,-30.04
913,-32.25
914,-30.95
915,-31.1
916,-27.7
917,-27.43
918,-29.02
919,-28.38
920,-32.64
921,-31.24
922,-30.03
923,-29.26
924,-29.23
925,-28.56
926,-29.97
927,-29.33
928,-31.3
929,-30.63
930,-30.88
931,-31.13
932,-32.16
933,-28.58
934,-30.09
935,-28.99
936,-30.89
937,-28.35
938,-30.4
939,-28.06
940,-30.6
941,-28.72
942,-30.48
943,-27.66
944,-29.96
945,-30.57
946,-28.18
947,-32.09
948,-27.82
949,-28.67
950,-31.05
951,-28.23
952,-30.0
953,-29.66
954,-29.67
955,-28.52
956,-29.6
957,-29.5
958,-27.6
959,-27.68
960,-29.65
961,-27.97
962,-29.06
963,-29.09
964,-31.45
965,-27.41
966,-27.5
967,-30.41
968,-29.8
969,-28.89
970,-27.51
971,-28.57
972,-29.26
973,-29.63
974,-28.67
975,-26.93
976,-30.31
977,-30.33
978,-27.63
979,-28.62
980,-27.81
981,-29.11
982,-28.5
983,-27.73
984,-31.56
985,-31.03
986,-29.68
987,-28.69
988,-29.32
989,-30.53
990,-28.07
991,-29.92
992,-27.64
993,-28.55
994,-29.89
995,-27.3
996,-30.72
997,-28.76
998,-28.59
999,-29.23
1000,-30.02
