1,-43.53
2,-40.91
3,-39.9
4,-38.99
5,-39.05
6,-40.75
7,-36.92
8,-39.06
9,-34.96
10,-36.89
11,-38.38
12,-38.55
13,-36.59
14,-38.7
15,-39.24
16,-38.08
17,-40.0
18,-39.15
19,-37.95
20,-39.38
21,-44.03
22,-35.72
23,-39.04
24,-42.97
25,-45.59
26,-42.76
27,-42.45
28,-38.62
29,-41.06
30,-37.43
31,-40.5
32,-36.29
33,-36.63
34,-42.44
35,-38.33
36,-39.05
37,-41.65
38,-39.69
39,-40.11
40,-38.94
41,-38.18
42,-43.02
43,-43.35
44,-40.32
45,-43.1
46,-43.73
47,-40.52
48,-38.65
49,-44.42
50,-40.07
51,-38.23
52,-42.69
53,-44.1
54,-43.78
55,-42.76
56,-40.83
57,-40.84
58,-40.91
59,-38.52
60,-41.77
61,-42.14
62,-41.52
63,-40.42
64,-39.0
65,-41.34
66,-41.07
67,-43.18
68,-38.31
69,-41.33
70,-39.17
71,-38.95
72,-42.27
73,-40.83
74,-39.23
75,-47.3
76,-37.39
77,-41.5
78,-38.75
79,-43.14
80,-38.52
81,-41.53
82,-40.19
83,-38.0
84,-40.88
85,-39.85
86,-40.64
87,-34.14
88,-37.59
89,-39.99
90,-37.77
91,-39.33
92,-40.46
93,-38.52
94,-43.02
95,-35.44
96,-40.27
97,-43.76
98,-40.24
99,-36.85
100,-38.03
101,-36.73
102,-36.38
103,-38.41
104,-40.71
105,-35.83
106,-39.9
107,-37.23
108,-38.74
109,-41.79
110,-37.92
111,-38.78
112,-41.54
113,-37.64
114,-40.27
115,-43.11
116,-39.45
117,-43.32
118,-36.65
119,-36.89
120,-36.3
121,-39.83
122,-37.43
123,-35.37
124,-35.51
125,-40.08
126,-38.95
127,-38.55
128,-33.26
129,-37.79
130,-38.09
131,-37.0
132,-38.12
133,-35.22
134,-36.97
135,-37.51
136,-38.64
137,-37.58
138,-38.14
139,-34.83
140,-38.11
141,-36.41
142,-36.17
143,-36.61
144,-33.07
145,-35.12
146,-32.85
147,-40.44
148,-34.18
149,-40.42
150,-41.13
151,-37.08
152,-34.75
153,-34.5
154,-37.51
155,-39.44
156,-36.09
157,-38.97
158,-37.91
159,-35.66
160,-38.42
161,-35.15
162,-36.25
163,-31.1
164,-34.21
165,-34.77
166,-32.77
167,-34.0
168,-35.84
169,-34.18
170,-31.98
171,-33.7
172,-39.49
173,-30.99
174,-34.11
175,-34.65
176,-31.01
177,-33.19
178,-32.2
179,-32.21
180,-30.12
181,-32.65
182,-30.92
183,-32.77
184,-31.84
185,-30.31
186,-31.53
187,-33.34
188,-31.22
189,-30.06
190,-32.78
191,-30.17
192,-34.34
193,-32.89
194,-29.26
195,-33.31
196,-31.81
197,-29.6
198,-33.82
199,-32.25
200,-29.91
201,-29.84
202,-30.38
203,-34.11
204,-30.86
205,-29.06
206,-32.85
207,-32.76
208,-29.59
209,-30.85
210,-29.34
211,-32.89
212,-31.51
213,-30.15
214,-31.3
215,-30.98
216,-28.18
217,-27.16
218,-31.09
219,-30.52
220,-30.65
221,-30.21
222,-28.04
223,-28.36
224,-31.68
225,-29.89
226,-27.49
227,-31.4
228,-28.97
229,-30.7
230,-30.01
231,-31.18
232,-29.21
233,-29.49
234,-27.86
235,-32.36
236,-29.36
237,-29.68
238,-28.75
239,-26.75
240,-29.63
241,-31.98
242,-30.71
243,-31.48
244,-30.85
245,-30.8
246,-28.05
247,-30.3
248,-29.5
249,-30.17
250,-29.24
251,-30.19
252,-28.98
253,-27.88
254,-30.42
255,-29.71
256,-30.96
257,-31.88
258,-30.43
259,-27.72
260,-28.26
261,-31.2
262,-28.65
263,-30.06
264,-29.01
265,-31.27
266,-30.9
267,-29.89
268,-31.2
269,-31.41
270,-30.49
271,-30.54
272,-31.94
273,-32.71
274,-30.85
275,-29.79
276,-29.87
277,-27.33
278,-28.79
279,-30.12
280,-27.87
281,-28.22
282,-31.25
283,-30.73
284,-28.8
285,-28.88
286,-30.57
287,-31.69
288,-30.51
289,-29.7
290,-28.84
291,-30.52
292,-29.03
293,-31.85
294,-30.74
295,-31.34
296,-31.79
297,-29.1
298,-28.79
299,-29.37
300,-29.71
301,-28.95
302,-30.45
303,-30.09
304,-29.11
305,-31.4
306,-28.7
307,-29.66
308,-30.91
309,-29.34
310,-29.14
311,-30.14
312,-30.98
313,-30.57
314,-31.02
315,-28.4
316,-27.26
317,-29.49
318,-32.06
319,-30.08
320,-32.35
321,-30.23
322,-28.3
323,-29.09
324,-28.18
325,-32.05
326,-29.58
327,-29.5
328,-28.07
329,-28.57
330,-29.68
331,-30.05
332,-30.8
333,-29.71
334,-28.76
335,-28.89
336,-28.82
337,-28.34
338,-28.55
339,-30.41
340,-30.35
341,-31.2
342,-30.26
343,-29.99
344,-26.54
345,-29.25
346,-29.04
347,-29.07
348,-29.6
349,-27.36
350,-30.56
351,-28.69
352,-30.52
353,-29.8
354,-30.13
355,-29.85
356,-29.67
357,-29.97
358,-30.06
359,-29.24
360,-30.2
361,-29.77
362,-28.94
363,-28.06
364,-30.52
365,-31.59
366,-28.44
367,-28.74
368,-29.79
369,-29.93
370,-28.69
371,-29.89
372,-26.88
373,-28.98
374,-29.23
375,-31.13
376,-27.95
377,-28.96
378,-29.36
379,-29.37
380,-29.66
381,-28.15
382,-29.69
383,-30.86
384,-29.92
385,-29.34
386,-29.81
387,-29.99
388,-28.62
389,-30.18
390,-29.25
391,-30.43
392,-30.86
393,-29.0
394,-29.8
395,-30.12
396,-30.14
397,-29.25
398,-29.66
399,-29.22
400,-29.62
401,-29.74
402,-28.21
403,-32.28
404,-30.97
405,-30.34
406,-29.42
407,-26.92
408,-29.99
409,-28.92
410,-30.23
411,-27.27
412,-28.28
413,-29.57
414,-31.04
415,-30.87
416,-29.94
417,-27.47
418,-30.79
419,-30.33
420,-30.7
421,-29.48
422,-27.88
423,-29.22
424,-30.42
425,-27.97
426,-29.36
427,-29.41
428,-28.6
429,-29.21
430,-31.53
431,-28.78
432,-32.67
433,-29.42
434,-29.13
435,-30.68
436,-27.95
437,-33.36
438,-27.92
439,-28.49
440,-28.28
441,-28.71
442,-30.24
443,-29.07
444,-29.53
445,-30.04
446,-27.56
447,-30.74
448,-29.23
449,-29.63
450,-29.16
451,-30.45
452,-29.15
453,-31.76
454,-30.05
455,-32.92
456,-28.81
457,-29.05
458,-29.44
459,-28.66
460,-31.33
461,-29.77
462,-27.64
463,-30.34
464,-29.25
465,-29.42
466,-29.69
467,-30.32
468,-31.14
469,-30.76
470,-29.24
471,-30.6
472,-28.85
473,-28.8
474,-27.88
475,-27.95
476,-29.3
477,-30.44
478,-30.53
479,-30.85
480,-30.54
481,-28.56
482,-28.87
483,-32.03
484,-31.98
485,-28.45
486,-29.19
487,-27.81
488,-29.57
489,-27.42
490,-28.95
491,-29.64
492,-26.49
493,-30.75
494,-29.8
495,-27.54
496,-28.13
497,-28.36
498,-27.61
499,-28.47
500,-28.33
501,-30.3
502,-28.63
503,-28.45
504,-30.15
505,-27.58
506,-28.53
507,-27.08
508,-28.58
509,-28.03
510,-29.56
511,-29.7
512,-28.68
513,-26.87
514,-28.75
515,-28.04
516,-26.56
517,-28.76
518,-27.78
519,-29.73
520,-26.68
521,-27.87
522,-27.12
523,-27.72
524,-30.53
525,-28.4
526,-27.5
527,-28.54
528,-27.35
529,-26.71
530,-27.25
531,-28.06
532,-25.94
533,-26.76
534,-27.14
535,-28.51
536,-26.73
537,-29.9
538,-27.37
539,-28.0
540,-29.37
541,-28.91
542,-26.32
543,-26.54
544,-26.47
545,-27.66
546,-28.07
547,-26.52
548,-28.26
549,-28.62
550,-29.49
551,-27.77
552,-24.88
553,-28.0
554,-28.33
555,-27.47
556,-28.13
557,-29.02
558,-28.32
559,-27.52
560,-27.51
561,-26.63
562,-26.14
563,-26.91
564,-25.61
565,-25.73
566,-26.52
567,-26.92
568,-26.13
569,-23.78
570,-26.57
571,-26.58
572,-27.36
573,-25.87
574,-25.78
575,-25.93
576,-26.29
577,-26.77
578,-26.25
579,-26.31
580,-25.09
581,-26.72
582,-24.78
583,-25.65
584,-25.22
585,-23.72
586,-24.84
587,-26.08
588,-24.46
589,-23.33
590,-25.09
591,-25.18
592,-25.66
593,-22.97
594,-24.61
595,-24.97
596,-23.07
597,-26.15
598,-24.76
599,-25.63
600,-25.15
601,-24.19
602,-25.49
603,-24.32
604,-25.41
605,-23.97
606,-23.29
607,-23.12
608,-22.81
609,-22.86
610,-23.11
611,-22.58
612,-23.28
613,-22.6
614,-22.5
615,-22.83
616,-21.67
617,-22.4
618,-22.64
619,-22.86
620,-22.27
621,-21.99
622,-20.78
623,-21.73
624,-21.79
625,-21.78
626,-22.41
627,-21.99
628,-22.15
629,-22.71
630,-21.37
631,-20.65
632,-21.88
633,-21.93
634,-21.14
635,-22.55
636,-22.39
637,-22.43
638,-21.87
639,-21.8
640,-21.51
641,-21.81
642,-21.9
643,-22.52
644,-22.61
645,-21.56
646,-21.26
647,-21.78
648,-21.9
649,-22.51
650,-22.16
651,-21.1
652,-21.55
653,-21.32
654,-21.75
655,-21.67
656,-22.22
657,-22.68
658,-22.37
659,-22.58
660,-21.6
661,-21.51
662,-21.59
663,-21.66
664,-21.92
665,-22.29
666,-21.3
667,-20.75
668,-22.1
669,-21.49
670,-20.41
671,-21.83
672,-22.35
673,-21.51
674,-21.58
675,-22.11
676,-21.72
677,-22.06
678,-21.67
679,-22.2
680,-20.98
681,-22.29
682,-21.65
683,-22.23
684,-22.42
685,-21.46
686,-21.07
687,-21.78
688,-21.35
689,-22.37
690,-21.43
691,-21.14
692,-21.99
693,-21.53
694,-21.12
695,-20.77
696,-20.42
697,-21.37
698,-22.02
699,-21.5
700,-20.57
701,-21.17
702,-21.74
703,-22.48
704,-21.34
705,-21.22
706,-21.58
707,-21.92
708,-21.38
709,-22.94
710,-22.02
711,-21.08
712,-21.36
713,-21.71
714,-21.49
715,-20.76
716,-21.72
717,-21.48
718,-20.14
719,-21.83
720,-21.34
721,-21.59
722,-20.75
723,-21.84
724,-21.4
725,-21.55
726,-22.41
727,-20.87
728,-21.47
729,-21.0
730,-22.53
731,-20.56
732,-21.57
733,-21.99
734,-20.94
735,-21.68
736,-21.74
737,-21.85
738,-21.11
739,-21.53
740,-21.54
741,-22.41
742,-21.43
743,-20.79
744,-21.16
745,-22.5
746,-21.08
747,-21.16
748,-21.27
749,-21.67
750,-22.74
751,-20.7
752,-21.26
753,-21.17
754,-20.58
755,-20.87
756,-21.28
757,-22.12
758,-21.04
759,-20.88
760,-21.14
761,-22.44
762,-21.19
763,-21.78
764,-21.21
765,-20.92
766,-20.77
767,-20.62
768,-21.76
769,-21.17
770,-21.09
771,-21.66
772,-21.05
773,-21.57
774,-22.15
775,-20.49
776,-20.78
777,-21.62
778,-21.3
779,-22.0
780,-21.53
781,-21.52
782,-20.87
783,-21.79
784,-21.19
785,-20.2
786,-22.01
787,-21.37
788,-21.82
789,-21.71
790,-21.42
791,-22.02
792,-21.05
793,-22.19
794,-21.54
795,-22.1
796,-21.43
797,-21.52
798,-20.45
799,-20.83
800,-21.32
801,-21.28
802,-21.43
803,-21.59
804,-22.41
805,-21.25
806,-20.91
807,-21.51
808,-21.42
809,-21.34
810,-21.4
811,-21.02
812,-21.32
813,-21.94
814,-21.16
815,-20.7
816,-21.75
817,-21.63
818,-20.61
819,-21.41
820,-21.61
821,-21.62
822,-21.31
823,-20.18
824,-21.34
825,-20.97
826,-21.43
827,-22.18
828,-21.3
829,-21.58
830,-21.51
831,-21.26
832,-21.19
833,-22.07
834,-21.88
835,-21.8
836,-21.37
837,-21.22
838,-21.44
839,-21.16
840,-22.71
841,-21.18
842,-20.62
843,-21.03
844,-20.88
845,-21.46
846,-20.82
847,-20.82
848,-21.3
849,-21.59
850,-21.85
851,-20.78
852,-21.18
853,-21.2
854,-20.84
855,-21.56
856,-22.02
857,-21.01
858,-20.95
859,-21.4
860,-21.13
861,-21.52
862,-21.0
863,-21.77
864,-21.37
865,-20.66
866,-20.83
867,-21.94
868,-21.6
869,-21.21
870,-22.19
871,-22.59
872,-21.48
873,-21.68
874,-21.63
875,-21.48
876,-21.25
877,-20.46
878,-21.43
879,-21.01
880,-21.77
881,-21.84
882,-21.25
883,-21.65
884,-21.19
885,-21.83
886,-20.85
887,-21.28
888,-22.0
889,-22.18
890,-22.15
891,-21.91
892,-22.51
893,-20.14
894,-21.85
895,-20.71
896,-20.92
897,-21.7
898,-20.78
899,-21.57
900,-21.7
901,-21.26
902,-21.34
903,-21.87
904,-21.19
905,-21.48
906,-21.47
907,-21.8
908,-21.43
909,-21.37
910,-20.62
911,-21.63
912,-19.72
913,-21.9
914,-21.17
915,-20.89
916,-21.51
917,-21.19
918,-21.06
919,-21.2
920,-20.73
921,-21.34
922,-21.05
923,-20.65
924,-21.72
925,-21.75
926,-20.75
927,-20.66
928,-21.45
929,-21.4
930,-22.1
931,-21.16
932,-21.7
933,-20.49
934,-20.91
935,-21.27
936,-20.84
937,-22.22
938,-21.73
939,-20.44
940,-22.16
941,-21.76
942,-21.12
943,-21.76
944,-20.96
945,-20.75
946,-21.27
947,-20.99
948,-21.95
949,-21.85
950,-21.27
951,-20.61
952,-21.7
953,-21.59
954,-21.85
955,-21.49
956,-21.77
957,-21.34
958,-21.27
959,-20.86
960,-21.12
961,-21.18
962,-21.86
963,-21.44
964,-21.37
965,-21.32
966,-21.41
967,-20.81
968,-21.23
969,-21.67
970,-20.76
971,-21.74
972,-20.67
973,-21.0
974,-21.54
975,-21.17
976,-21.13
977,-21.69
978,-21.37
979,-20.84
980,-20.87
981,-20.94
982,-21.49
983,-22.2
984,-21.18
985,-22.16
986,-21.6
987,-20.14
988,-21.59
989,-21.48
990,-21.98
991,-22.51
992,-21.61
993,-22.22
994,-20.96
995,-21.35
996,-21.73
997,-21.21
998,-20.91
999,-21.71
1000,-22.73
