1,-33.8
2,-34.98
3,-35.53
4,-32.09
5,-36.43
6,-36.7
7,-35.25
8,-34.81
9,-32.28
10,-32.06
11,-36.37
12,-35.48
13,-37.33
14,-33.79
15,-31.84
16,-33.44
17,-31.38
18,-32.74
19,-34.7
20,-34.92
21,-30.75
22,-32.68
23,-32.91
24,-32.2
25,-32.45
26,-31.57
27,-31.02
28,-33.86
29,-32.5
30,-30.54
31,-32.13
32,-28.48
33,-32.06
34,-31.34
35,-32.33
36,-30.48
37,-32.28
38,-33.09
39,-31.29
40,-33.37
41,-32.31
42,-34.76
43,-30.14
44,-31.16
45,-31.67
46,-30.02
47,-30.33
48,-32.68
49,-31.38
50,-30.1
51,-31.68
52,-29.49
53,-31.0
54,-27.29
55,-31.7
56,-28.16
57,-28.9
58,-28.9
59,-29.53
60,-30.01
61,-29.93
62,-29.53
63,-30.3
64,-29.12
65,-29.73
66,-28.06
67,-29.27
68,-28.43
69,-30.29
70,-27.7
71,-29.32
72,-30.09
73,-29.21
74,-28.07
75,-29.61
76,-29.21
77,-28.41
78,-30.33
79,-28.72
80,-28.62
81,-28.86
82,-28.59
83,-27.45
84,-28.06
85,-28.95
86,-28.46
87,-29.2
88,-29.31
89,-28.96
90,-28.71
91,-29.15
92,-29.38
93,-28.4
94,-29.48
95,-28.28
96,-29.45
97,-27.03
98,-28.8
99,-28.32
100,-29.52
101,-29.71
102,-28.73
103,-27.24
104,-27.93
105,-27.94
106,-29.57
107,-26.38
108,-27.34
109,-29.55
110,-30.08
111,-27.97
112,-28.64
113,-29.02
114,-27.46
115,-28.83
116,-29.53
117,-28.23
118,-29.46
119,-27.83
120,-27.97
121,-28.84
122,-29.33
123,-29.69
124,-27.45
125,-28.22
126,-29.52
127,-27.95
128,-29.62
129,-30.67
130,-29.11
131,-28.41
132,-28.33
133,-28.12
134,-27.49
135,-26.82
136,-28.2
137,-28.1
138,-29.49
139,-27.35
140,-27.97
141,-28.8
142,-27.96
143,-27.85
144,-29.15
145,-30.84
146,-26.29
147,-29.17
148,-32.24
149,-30.53
150,-28.74
151,-31.46
152,-29.41
153,-30.86
154,-29.13
155,-28.5
156,-27.42
157,-28.24
158,-29.23
159,-27.57
160,-29.3
161,-27.84
162,-27.7
163,-26.64
164,-29.0
165,-28.18
166,-27.99
167,-29.15
168,-27.75
169,-29.09
170,-28.89
171,-28.35
172,-26.01
173,-25.97
174,-27.58
175,-28.64
176,-29.57
177,-28.76
178,-27.52
179,-29.74
180,-28.22
181,-27.84
182,-27.3
183,-29.21
184,-28.15
185,-25.95
186,-27.78
187,-26.25
188,-26.8
189,-28.8
190,-29.22
191,-28.82
192,-26.73
193,-28.22
194,-29.88
195,-29.72
196,-29.02
197,-28.61
198,-27.41
199,-28.41
200,-26.16
201,-28.52
202,-28.04
203,-29.1
204,-29.45
205,-28.28
206,-29.03
207,-27.85
208,-27.58
209,-26.89
210,-29.96
211,-27.49
212,-27.25
213,-27.4
214,-27.44
215,-28.45
216,-26.89
217,-29.07
218,-27.18
219,-26.52
220,-27.74
221,-27.33
222,-27.42
223,-27.17
224,-28.28
225,-26.37
226,-27.87
227,-27.7
228,-28.68
229,-29.08
230,-27.25
231,-27.09
232,-27.29
233,-26.33
234,-25.99
235,-26.45
236,-26.01
237,-27.17
238,-26.73
239,-26.52
240,-26.38
241,-25.06
242,-28.38
243,-27.33
244,-27.77
245,-25.84
246,-26.83
247,-27.3
248,-25.68
249,-27.33
250,-27.46
251,-27.74
252,-27.17
253,-26.64
254,-26.37
255,-26.25
256,-26.65
257,-25.67
258,-26.22
259,-24.82
260,-23.57
261,-25.64
262,-26.63
263,-25.91
264,-25.8
265,-26.83
266,-24.86
267,-25.89
268,-25.29
269,-25.45
270,-26.41
271,-24.53
272,-24.67
273,-24.78
274,-24.49
275,-23.6
276,-24.6
277,-26.24
278,-25.78
279,-24.56
280,-23.25
281,-24.0
282,-24.37
283,-24.31
284,-24.73
285,-25.13
286,-24.64
287,-24.64
288,-24.71
289,-24.08
290,-23.88
291,-24.78
292,-23.73
293,-24.42
294,-24.21
295,-24.43
296,-24.26
297,-23.68
298,-25.35
299,-23.66
300,-25.82
301,-23.19
302,-24.8
303,-24.9
304,-23.68
305,-23.68
306,-23.32
307,-24.46
308,-23.36
309,-24.91
310,-24.18
311,-24.77
312,-24.2
313,-23.98
314,-23.55
315,-23.17
316,-23.25
317,-23.63
318,-24.53
319,-23.93
320,-22.81
321,-24.72
322,-24.44
323,-23.58
324,-23.12
325,-24.49
326,-24.57
327,-23.72
328,-23.12
329,-23.67
330,-24.49
331,-22.89
332,-23.26
333,-23.92
334,-23.44
335,-23.63
336,-22.79
337,-23.75
338,-22.42
339,-24.3
340,-23.27
341,-24.03
342,-22.82
343,-21.89
344,-23.92
345,-23.72
346,-23.3
347,-23.55
348,-22.86
349,-23.64
350,-23.96
351,-23.21
352,-23.35
353,-22.7
354,-23.61
355,-23.06
356,-23.27
357,-23.65
358,-22.04
359,-23.78
360,-23.99
361,-22.94
362,-24.01
363,-23.36
364,-23.22
365,-22.38
366,-24.1
367,-24.25
368,-22.87
369,-23.68
370,-23.47
371,-22.93
372,-22.71
373,-22.66
374,-22.67
375,-23.27
376,-24.21
377,-24.36
378,-23.99
379,-22.26
380,-23.86
381,-22.17
382,-23.19
383,-23.09
384,-22.83
385,-22.91
386,-23.44
387,-22.36
388,-23.76
389,-23.1
390,-24.09
391,-22.54
392,-25.19
393,-23.11
394,-22.55
395,-23.77
396,-24.13
397,-23.07
398,-22.82
399,-23.55
400,-23.77
401,-22.97
402,-25.51
403,-23.24
404,-23.26
405,-23.62
406,-23.31
407,-25.15
408,-22.59
409,-24.87
410,-23.11
411,-23.27
412,-23.05
413,-22.94
414,-24.08
415,-23.24
416,-22.98
417,-23.6
418,-22.83
419,-22.85
420,-22.51
421,-23.57
422,-23.44
423,-24.16
424,-23.81
425,-22.28
426,-22.9
427,-23.41
428,-23.41
429,-22.4
430,-23.45
431,-23.26
432,-22.3
433,-22.4
434,-21.69
435,-22.4
436,-22.03
437,-22.93
438,-23.19
439,-21.9
440,-22.73
441,-23.88
442,-23.08
443,-22.72
444,-22.99
445,-23.52
446,-22.51
447,-23.15
448,-22.3
449,-23.04
450,-23.3
451,-21.79
452,-23.68
453,-23.53
454,-22.02
455,-24.01
456,-23.58
457,-23.03
458,-22.85
459,-23.77
460,-23.73
461,-22.65
462,-22.6
463,-23.5
464,-22.86
465,-22.87
466,-22.6
467,-22.81
468,-22.83
469,-22.55
470,-23.05
471,-21.5
472,-23.1
473,-22.67
474,-21.91
475,-22.8
476,-21.86
477,-22.45
478,-23.12
479,-21.68
480,-22.17
481,-23.8
482,-22.36
483,-22.49
484,-22.37
485,-21.52
486,-23.27
487,-22.6
488,-22.29
489,-22.77
490,-23.78
491,-23.26
492,-23.38
493,-22.61
494,-20.6
495,-23.87
496,-23.04
497,-23.12
498,-22.17
499,-23.05
500,-21.58
501,-22.45
502,-21.87
503,-23.1
504,-22.28
505,-22.85
506,-22.28
507,-22.34
508,-22.71
509,-23.11
510,-22.94
511,-22.94
512,-22.23
513,-22.67
514,-22.41
515,-22.26
516,-22.76
517,-21.83
518,-21.99
519,-21.49
520,-22.3
521,-23.48
522,-21.68
523,-22.03
524,-23.63
525,-23.22
526,-22.95
527,-22.83
528,-22.81
529,-22.42
530,-21.43
531,-21.84
532,-22.56
533,-23.77
534,-22.59
535,-21.64
536,-22.07
537,-20.97
538,-22.56
539,-22.53
540,-22.31
541,-22.18
542,-22.42
543,-22.66
544,-22.19
545,-22.86
546,-23.11
547,-21.97
548,-21.85
549,-23.07
550,-22.76
551,-22.33
552,-22.97
553,-22.81
554,-22.29
555,-21.62
556,-22.48
557,-22.07
558,-22.17
559,-22.02
560,-22.62
561,-21.79
562,-21.72
563,-22.13
564,-22.49
565,-22.35
566,-22.01
567,-21.57
568,-23.16
569,-22.34
570,-22.32
571,-20.92
572,-21.72
573,-21.83
574,-23.11
575,-21.61
576,-22.49
577,-22.07
578,-22.44
579,-21.7
580,-22.23
581,-21.91
582,-21.54
583,-21.78
584,-22.15
585,-21.19
586,-21.81
587,-21.52
588,-22.42
589,-21.1
590,-23.34
591,-22.33
592,-22.5
593,-21.92
594,-22.1
595,-21.26
596,-20.35
597,-22.1
598,-22.01
599,-22.3
600,-21.65
601,-22.15
602,-22.27
603,-21.88
604,-22.86
605,-21.73
606,-21.75
607,-22.09
608,-22.21
609,-22.03
610,-21.92
611,-22.41
612,-22.58
613,-22.57
614,-22.03
615,-22.45
616,-21.25
617,-22.41
618,-21.64
619,-21.63
620,-22.22
621,-22.88
622,-22.51
623,-22.32
624,-22.1
625,-20.74
626,-21.08
627,-22.18
628,-21.2
629,-22.07
630,-22.47
631,-22.89
632,-21.43
633,-22.48
634,-21.8
635,-22.52
636,-20.96
637,-21.53
638,-22.6
639,-21.74
640,-22.13
641,-22.37
642,-21.88
643,-20.8
644,-21.2
645,-21.46
646,-21.34
647,-22.07
648,-21.36
649,-22.93
650,-21.55
651,-21.26
652,-22.75
653,-21.38
654,-22.26
655,-21.53
656,-21.93
657,-21.37
658,-22.49
659,-21.25
660,-21.95
661,-21.95
662,-21.63
663,-22.07
664,-22.3
665,-22.29
666,-23.14
667,-21.44
668,-21.69
669,-22.15
670,-21.1
671,-22.55
672,-21.82
673,-22.4
674,-21.61
675,-21.49
676,-22.77
677,-22.94
678,-21.42
679,-21.53
680,-21.37
681,-22.21
682,-21.61
683,-22.13
684,-22.18
685,-22.53
686,-21.7
687,-20.51
688,-21.53
689,-21.22
690,-21.72
691,-20.9
692,-21.43
693,-21.41
694,-22.01
695,-21.06
696,-21.57
697,-21.34
698,-20.67
699,-21.84
700,-22.01
701,-21.86
702,-21.67
703,-21.9
704,-22.79
705,-21.71
706,-21.36
707,-22.23
708,-21.76
709,-22.21
710,-22.24
711,-22.18
712,-21.72
713,-20.9
714,-21.52
715,-21.15
716,-22.33
717,-22.11
718,-21.85
719,-22.03
720,-21.81
721,-22.33
722,-22.67
723,-22.25
724,-21.23
725,-21.62
726,-21.64
727,-21.33
728,-21.82
729,-20.56
730,-21.52
731,-20.43
732,-22.01
733,-22.01
734,-21.57
735,-22.04
736,-20.88
737,-21.27
738,-21.99
739,-21.12
740,-21.75
741,-20.9
742,-21.98
743,-22.81
744,-21.51
745,-20.98
746,-22.21
747,-21.79
748,-21.93
749,-21.9
750,-21.04
751,-21.09
752,-21.16
753,-21.67
754,-21.5
755,-21.72
756,-21.37
757,-21.5
758,-21.31
759,-21.78
760,-21.55
761,-22.53
762,-21.86
763,-22.03
764,-21.7
765,-20.82
766,-21.66
767,-21.28
768,-22.33
769,-21.06
770,-21.07
771,-21.75
772,-22.19
773,-22.58
774,-21.87
775,-21.76
776,-21.91
777,-22.13
778,-21.1
779,-21.81
780,-21.44
781,-20.88
782,-21.75
783,-22.03
784,-21.71
785,-21.63
786,-21.11
787,-21.89
788,-20.95
789,-22.05
790,-22.44
791,-21.09
792,-21.31
793,-21.76
794,-21.86
795,-20.64
796,-22.21
797,-22.16
798,-21.29
799,-21.69
800,-21.82
801,-20.85
802,-21.47
803,-20.48
804,-21.67
805,-20.88
806,-21.81
807,-21.75
808,-21.91
809,-21.4
810,-21.74
811,-21.25
812,-21.26
813,-21.68
814,-22.15
815,-21.73
816,-21.88
817,-21.0
818,-21.47
819,-21.43
820,-21.78
821,-20.71
822,-20.95
823,-21.8
824,-22.19
825,-21.66
826,-21.18
827,-22.45
828,-21.04
829,-21.86
830,-21.77
831,-21.34
832,-21.27
833,-20.69
834,-21.62
835,-21.8
836,-22.02
837,-21.61
838,-21.26
839,-21.26
840,-21.03
841,-21.45
842,-21.37
843,-21.12
844,-21.07
845,-20.91
846,-22.32
847,-22.26
848,-22.59
849,-21.8
850,-21.55
851,-21.93
852,-22.37
853,-21.59
854,-22.83
855,-21.95
856,-21.04
857,-21.65
858,-21.55
859,-20.87
860,-21.7
861,-22.14
862,-20.75
863,-21.07
864,-21.68
865,-21.2
866,-20.49
867,-21.5
868,-21.45
869,-20.9
870,-22.0
871,-22.05
872,-21.63
873,-20.74
874,-21.39
875,-21.41
876,-21.79
877,-21.41
878,-20.97
879,-21.72
880,-22.3
881,-21.78
882,-21.39
883,-21.77
884,-20.95
885,-21.46
886,-20.52
887,-21.55
888,-22.28
889,-21.44
890,-21.63
891,-21.39
892,-21.7
893,-22.59
894,-21.49
895,-21.52
896,-22.32
897,-21.07
898,-21.74
899,-21.35
900,-20.93
901,-22.37
902,-21.53
903,-21.99
904,-22.78
905,-21.09
906,-21.48
907,-21.28
908,-21.01
909,-21.44
910,-21.48
911,-20.95
912,-22.11
913,-21.06
914,-20.63
915,-21.1
916,-21.71
917,-21.99
918,-21.0
919,-21.72
920,-21.61
921,-20.79
922,-21.47
923,-20.84
924,-21.73
925,-21.19
926,-21.27
927,-21.74
928,-22.16
929,-20.77
930,-21.38
931,-21.27
932,-21.84
933,-21.55
934,-20.65
935,-22.17
936,-20.38
937,-21.05
938,-21.38
939,-21.45
940,-22.15
941,-21.31
942,-21.3
943,-21.87
944,-22.45
945,-21.93
946,-21.75
947,-22.26
948,-21.89
949,-21.08
950,-21.0
951,-21.89
952,-22.17
953,-22.01
954,-21.32
955,-22.51
956,-21.76
957,-22.72
958,-22.35
959,-21.44
960,-21.18
961,-22.02
962,-21.6
963,-21.08
964,-21.83
965,-21.33
966,-21.37
967,-22.74
968,-22.25
969,-20.74
970,-21.9
971,-21.69
972,-20.83
973,-21.42
974,-22.07
975,-20.56
976,-21.9
977,-21.26
978,-21.44
979,-21.07
980,-21.62
981,-21.66
982,-21.81
983,-21.81
984,-21.14
985,-22.15
986,-22.49
987,-21.63
988,-21.37
989,-21.45
990,-21.27
991,-20.21
992,-21.13
993,-21.04
994,-21.83
995,-21.55
996,-20.56
997,-21.44
998,-21.43
999,-20.91
1000,-21.09
