1,-33.933
2,-34.007
3,-33.996
4,-34.357
5,-33.656
6,-33.655
7,-33.973
8,-33.237
9,-33.946
10,-34.247
11,-33.47
12,-33.348
13,-34.777
14,-33.562
15,-34.806
16,-33.3
17,-33.28
18,-33.525
19,-34.15
20,-34.081
21,-33.497
22,-33.894
23,-33.449
24,-33.239
25,-33.629
26,-32.725
27,-33.297
28,-33.321
29,-33.977
30,-32.653
31,-32.831
32,-32.813
33,-33.093
34,-33.481
35,-32.775
36,-33.107
37,-32.439
38,-32.946
39,-33.889
40,-32.843
41,-32.832
42,-32.469
43,-32.912
44,-32.856
45,-32.854
46,-32.391
47,-33.127
48,-33.133
49,-32.808
50,-32.706
51,-32.312
52,-32.444
53,-32.444
54,-32.225
55,-32.81
56,-32.44
57,-31.8
58,-32.009
59,-32.796
60,-32.499
61,-33.037
62,-31.887
63,-32.037
64,-31.39
65,-31.383
66,-32.049
67,-32.184
68,-32.751
69,-32.287
70,-31.422
71,-32.738
72,-32.395
73,-32.752
74,-32.58
75,-32.528
76,-32.581
77,-32.006
78,-31.82
79,-31.814
80,-31.823
81,-31.484
82,-31.449
83,-32.213
84,-32.027
85,-32.21
86,-31.311
87,-31.799
88,-32.426
89,-32.074
90,-31.737
91,-31.055
92,-32.42
93,-31.695
94,-31.377
95,-31.671
96,-31.46
97,-31.857
98,-32.835
99,-31.722
100,-31.942
101,-31.588
102,-31.796
103,-32.08
104,-31.874
105,-31.288
106,-31.281
107,-32.231
108,-31.787
109,-31.911
110,-31.534
111,-31.946
112,-31.947
113,-31.147
114,-31.481
115,-31.693
116,-32.063
117,-31.766
118,-31.766
119,-31.052
120,-31.595
121,-31.381
122,-31.759
123,-31.377
124,-31.232
125,-31.49
126,-31.057
127,-31.395
128,-31.083
129,-31.16
130,-30.947
131,-31.014
132,-31.021
133,-31.196
134,-31.344
135,-31.679
136,-31.255
137,-30.957
138,-30.986
139,-31.391
140,-30.367
141,-31.106
142,-31.52
143,-31.877
144,-30.727
145,-30.657
146,-31.213
147,-31.077
148,-31.263
149,-32.004
150,-30.663
151,-30.879
152,-31.23
153,-30.657
154,-30.9
155,-31.042
156,-30.856
157,-31.424
158,-30.514
159,-31.034
160,-30.734
161,-30.951
162,-30.617
163,-30.365
164,-31.255
165,-30.816
166,-30.903
167,-30.581
168,-31.353
169,-30.889
170,-30.803
171,-30.718
172,-30.619
173,-30.659
174,-30.345
175,-30.867
176,-30.756
177,-30.795
178,-30.754
179,-30.667
180,-30.117
181,-30.532
182,-30.617
183,-30.379
184,-29.87
185,-30.385
186,-30.658
187,-30.604
188,-30.235
189,-31.179
190,-29.867
191,-30.831
192,-29.849
193,-30.084
194,-30.547
195,-30.417
196,-30.869
197,-30.426
198,-29.872
199,-30.876
200,-30.302
201,-29.966
202,-30.041
203,-30.196
204,-30.429
205,-30.454
206,-30.79
207,-30.079
208,-29.937
209,-30.291
210,-30.205
211,-31.075
212,-30.361
213,-29.89
214,-29.587
215,-30.772
216,-30.399
217,-29.763
218,-30.423
219,-30.508
220,-30.525
221,-29.832
222,-30.076
223,-29.889
224,-29.67
225,-30.394
226,-30.034
227,-30.372
228,-29.788
229,-30.238
230,-30.073
231,-29.785
232,-30.129
233,-29.757
234,-30.107
235,-30.056
236,-29.476
237,-30.923
238,-29.696
239,-29.26
240,-30.861
241,-30.098
242,-30.193
243,-29.499
244,-30.016
245,-29.712
246,-29.958
247,-29.773
248,-29.976
249,-29.857
250,-29.937
251,-29.592
252,-30.442
253,-29.478
254,-29.658
255,-29.597
256,-30.133
257,-30.229
258,-30.317
259,-30.028
260,-29.626
261,-29.815
262,-29.446
263,-30.018
264,-29.576
265,-29.938
266,-29.959
267,-29.835
268,-30.242
269,-29.437
270,-30.241
271,-30.148
272,-29.11
273,-29.614
274,-29.785
275,-30.277
276,-29.512
277,-29.589
278,-29.701
279,-29.559
280,-29.687
281,-29.615
282,-28.812
283,-29.978
284,-30.197
285,-30.12
286,-29.852
287,-29.703
288,-28.821
289,-30.245
290,-28.929
291,-30.001
292,-29.704
293,-28.881
294,-29.343
295,-29.558
296,-29.451
297,-29.829
298,-29.665
299,-29.891
300,-30.098
301,-29.631
302,-29.707
303,-29.34
304,-29.213
305,-29.379
306,-29.887
307,-28.985
308,-28.939
309,-29.223
310,-29.273
311,-30.087
312,-29.55
313,-29.391
314,-28.597
315,-29.71
316,-29.367
317,-29.017
318,-29.691
319,-28.316
320,-29.466
321,-29.636
322,-28.887
323,-28.589
324,-29.755
325,-29.546
326,-29.503
327,-29.924
328,-28.964
329,-29.278
330,-29.237
331,-28.713
332,-29.054
333,-29.173
334,-29.185
335,-29.625
336,-29.3
337,-29.063
338,-29.072
339,-29.787
340,-28.658
341,-29.566
342,-29.303
343,-29.438
344,-29.289
345,-29.426
346,-29.259
347,-28.866
348,-29.495
349,-29.076
350,-29.396
351,-28.832
352,-28.88
353,-29.617
354,-28.965
355,-29.207
356,-29.495
357,-28.896
358,-29.176
359,-28.787
360,-29.465
361,-29.044
362,-28.856
363,-29.344
364,-29.021
365,-29.348
366,-28.822
367,-28.619
368,-29.371
369,-28.829
370,-28.182
371,-29.205
372,-29.641
373,-29.095
374,-28.985
375,-29.201
376,-29.106
377,-28.911
378,-28.736
379,-29.177
380,-28.619
381,-28.592
382,-28.546
383,-29.4
384,-29.139
385,-28.795
386,-29.187
387,-28.751
388,-29.178
389,-29.041
390,-28.9
391,-28.761
392,-29.262
393,-28.564
394,-28.722
395,-29.006
396,-28.953
397,-28.676
398,-28.704
399,-29.639
400,-28.694
401,-28.628
402,-28.662
403,-28.304
404,-27.935
405,-28.796
406,-28.562
407,-29.118
408,-28.827
409,-29.068
410,-28.374
411,-28.434
412,-29.048
413,-28.937
414,-28.88
415,-29.05
416,-28.638
417,-28.854
418,-28.387
419,-28.448
420,-28.613
421,-28.991
422,-28.697
423,-28.489
424,-28.606
425,-28.795
426,-28.29
427,-28.798
428,-27.93
429,-28.283
430,-28.535
431,-28.329
432,-28.749
433,-28.475
434,-28.704
435,-28.831
436,-28.645
437,-28.61
438,-28.781
439,-29.065
440,-28.08
441,-28.83
442,-28.327
443,-28.568
444,-28.474
445,-28.605
446,-28.262
447,-28.492
448,-28.369
449,-27.842
450,-28.74
451,-28.531
452,-28.64
453,-28.232
454,-27.785
455,-27.705
456,-27.47
457,-28.963
458,-27.785
459,-28.309
460,-28.602
461,-27.655
462,-28.256
463,-27.718
464,-28.4
465,-28.208
466,-28.68
467,-28.155
468,-28.591
469,-28.549
470,-28.395
471,-28.17
472,-28.558
473,-28.362
474,-28.789
475,-28.06
476,-27.774
477,-28.216
478,-28.433
479,-27.949
480,-28.057
481,-28.443
482,-28.458
483,-28.415
484,-28.016
485,-27.563
486,-28.13
487,-27.772
488,-27.894
489,-27.602
490,-28.322
491,-28.138
492,-28.61
493,-28.249
494,-27.616
495,-27.459
496,-28.097
497,-28.479
498,-28.176
499,-28.077
500,-27.971
501,-27.895
502,-27.844
503,-28.026
504,-27.697
505,-28.37
506,-27.901
507,-27.828
508,-27.829
509,-28.539
510,-28.404
511,-27.834
512,-28.196
513,-27.618
514,-27.87
515,-27.866
516,-27.556
517,-28.246
518,-27.744
519,-28.396
520,-27.913
521,-27.876
522,-27.768
523,-28.328
524,-27.888
525,-28.017
526,-27.708
527,-27.759
528,-27.74
529,-27.664
530,-27.975
531,-27.724
532,-27.87
533,-27.569
534,-28.132
535,-27.34
536,-27.626
537,-28.259
538,-28.205
539,-27.901
540,-27.738
541,-27.988
542,-27.719
543,-27.915
544,-27.806
545,-28.234
546,-27.462
547,-27.774
548,-28.025
549,-27.726
550,-28.005
551,-27.463
552,-27.515
553,-28.007
554,-28.033
555,-27.691
556,-27.988
557,-27.807
558,-27.206
559,-28.077
560,-27.881
561,-27.48
562,-27.99
563,-27.351
564,-27.717
565,-27.581
566,-27.656
567,-27.531
568,-28.371
569,-28.036
570,-27.352
571,-27.655
572,-27.857
573,-27.468
574,-28.105
575,-27.823
576,-27.55
577,-27.718
578,-27.196
579,-28.001
580,-27.898
581,-27.919
582,-27.773
583,-27.635
584,-27.607
585,-27.476
586,-27.523
587,-27.848
588,-27.911
589,-27.615
590,-27.592
591,-27.538
592,-27.522
593,-27.878
594,-27.67
595,-27.584
596,-27.691
597,-27.357
598,-27.282
599,-27.476
600,-27.324
601,-27.341
602,-27.217
603,-27.387
604,-27.101
605,-26.937
606,-27.919
607,-27.832
608,-27.276
609,-27.557
610,-27.455
611,-27.277
612,-27.247
613,-27.44
614,-27.113
615,-27.363
616,-27.129
617,-27.282
618,-26.895
619,-27.321
620,-27.21
621,-27.588
622,-27.162
623,-27.532
624,-27.857
625,-27.422
626,-27.248
627,-26.588
628,-27.054
629,-27.413
630,-27.616
631,-27.152
632,-26.451
633,-26.586
634,-27.798
635,-27.071
636,-26.557
637,-26.833
638,-27.07
639,-26.905
640,-27.465
641,-27.62
642,-27.35
643,-27.413
644,-27.294
645,-27.541
646,-26.764
647,-27.004
648,-26.681
649,-26.866
650,-27.032
651,-27.09
652,-26.663
653,-26.845
654,-27.376
655,-26.899
656,-26.863
657,-27.287
658,-27.157
659,-26.594
660,-26.951
661,-26.738
662,-26.969
663,-26.873
664,-27.036
665,-26.804
666,-27.01
667,-27.002
668,-26.831
669,-26.644
670,-26.359
671,-27.016
672,-27.385
673,-26.798
674,-26.837
675,-27.345
676,-27.232
677,-26.993
678,-26.189
679,-27.068
680,-26.84
681,-26.84
682,-27.164
683,-26.719
684,-26.391
685,-26.441
686,-26.842
687,-27.331
688,-27.021
689,-26.67
690,-26.898
691,-27.244
692,-26.573
693,-27.258
694,-26.52
695,-26.779
696,-26.838
697,-27.086
698,-26.829
699,-26.5
700,-26.256
701,-26.167
702,-26.863
703,-26.629
704,-27.323
705,-26.413
706,-26.691
707,-26.904
708,-26.855
709,-26.303
710,-26.585
711,-26.992
712,-26.688
713,-26.325
714,-26.385
715,-26.762
716,-27.064
717,-26.167
718,-25.996
719,-26.596
720,-26.057
721,-26.168
722,-26.434
723,-26.507
724,-26.442
725,-26.319
726,-26.218
727,-26.543
728,-26.299
729,-26.213
730,-26.363
731,-26.946
732,-25.922
733,-26.912
734,-26.557
735,-26.212
736,-26.227
737,-26.352
738,-26.414
739,-25.637
740,-26.398
741,-26.109
742,-26.2
743,-26.079
744,-26.175
745,-26.421
746,-26.768
747,-26.478
748,-26.191
749,-26.485
750,-25.939
751,-26.344
752,-26.07
753,-25.894
754,-26.135
755,-26.215
756,-26.157
757,-25.508
758,-26.155
759,-26.403
760,-25.81
761,-26.141
762,-26.073
763,-26.148
764,-26.168
765,-26.195
766,-26.69
767,-26.402
768,-25.655
769,-25.571
770,-26.306
771,-26.155
772,-26.335
773,-26.748
774,-26.294
775,-26.149
776,-26.225
777,-26.067
778,-26.296
779,-26.103
780,-25.899
781,-26.435
782,-26.007
783,-26.125
784,-25.974
785,-26.317
786,-25.443
787,-25.799
788,-26.028
789,-25.951
790,-26.29
791,-25.654
792,-26.06
793,-26.033
794,-26.022
795,-25.72
796,-25.286
797,-25.595
798,-25.876
799,-25.56
800,-25.75
801,-25.644
802,-25.924
803,-25.346
804,-26.4
805,-25.823
806,-25.904
807,-25.247
808,-26.106
809,-25.819
810,-25.126
811,-25.612
812,-25.806
813,-25.987
814,-25.851
815,-26.05
816,-25.692
817,-25.718
818,-25.494
819,-25.895
820,-25.468
821,-25.719
822,-25.684
823,-25.871
824,-25.21
825,-25.297
826,-25.725
827,-25.356
828,-25.431
829,-25.787
830,-25.369
831,-25.262
832,-25.917
833,-25.796
834,-25.329
835,-25.147
836,-25.474
837,-25.662
838,-25.313
839,-25.169
840,-25.349
841,-25.09
842,-25.476
843,-24.848
844,-25.323
845,-25.767
846,-25.227
847,-25.397
848,-25.253
849,-25.056
850,-25.347
851,-25.271
852,-25.317
853,-25.064
854,-25.422
855,-24.97
856,-25.315
857,-25.407
858,-24.982
859,-25.37
860,-25.829
861,-25.441
862,-25.205
863,-24.731
864,-25.098
865,-25.024
866,-25.183
867,-25.286
868,-25.262
869,-25.078
870,-25.229
871,-25.096
872,-24.826
873,-25.461
874,-24.795
875,-25.184
876,-25.145
877,-25.15
878,-24.788
879,-25.222
880,-24.931
881,-25.481
882,-25.261
883,-25.035
884,-24.516
885,-25.09
886,-25.368
887,-25.156
888,-24.937
889,-24.877
890,-25.003
891,-25.036
892,-24.591
893,-24.996
894,-25.187
895,-24.991
896,-24.908
897,-25.147
898,-24.823
899,-25.152
900,-25.34
901,-24.882
902,-25.027
903,-24.879
904,-24.761
905,-24.693
906,-25.002
907,-25.054
908,-24.831
909,-24.506
910,-24.737
911,-24.802
912,-24.804
913,-24.628
914,-24.064
915,-24.854
916,-24.796
917,-24.851
918,-25.187
919,-24.848
920,-24.611
921,-24.719
922,-24.63
923,-24.778
924,-24.741
925,-24.526
926,-24.569
927,-24.305
928,-24.981
929,-24.549
930,-24.635
931,-24.655
932,-24.613
933,-24.313
934,-24.706
935,-24.153
936,-24.768
937,-24.677
938,-24.645
939,-24.488
940,-25.051
941,-24.537
942,-24.458
943,-24.547
944,-24.773
945,-24.965
946,-24.547
947,-24.428
948,-24.407
949,-24.607
950,-24.728
951,-24.708
952,-24.534
953,-24.33
954,-24.537
955,-24.607
956,-24.657
957,-24.126
958,-24.457
959,-24.419
960,-24.104
961,-24.445
962,-24.666
963,-24.501
964,-24.043
965,-24.261
966,-24.218
967,-24.513
968,-23.894
969,-24.253
970,-24.243
971,-24.294
972,-24.368
973,-24.307
974,-24.71
975,-23.908
976,-24.511
977,-23.931
978,-23.818
979,-24.144
980,-24.425
981,-24.749
982,-24.176
983,-24.558
984,-24.133
985,-24.109
986,-24.654
987,-24.105
988,-23.832
989,-23.825
990,-24.002
991,-24.438
992,-24.17
993,-23.938
994,-23.922
995,-24.036
996,-23.974
997,-24.009
998,-23.917
999,-24.094
1000,-24.27
