1,-29.77
2,-35.08
3,-33.79
4,-33.58
5,-30.9
6,-34.87
7,-33.59
8,-34.76
9,-35.36
10,-33.84
11,-34.95
12,-33.83
13,-37.91
14,-34.73
15,-34.07
16,-35.72
17,-36.42
18,-36.54
19,-36.66
20,-37.5
21,-31.79
22,-32.88
23,-33.44
24,-33.89
25,-37.01
26,-34.28
27,-34.26
28,-33.39
29,-33.72
30,-33.76
31,-31.82
32,-33.59
33,-34.62
34,-30.63
35,-36.31
36,-37.32
37,-36.35
38,-35.03
39,-32.34
40,-34.63
41,-37.23
42,-34.24
43,-34.97
44,-33.43
45,-37.61
46,-33.04
47,-34.95
48,-35.87
49,-35.74
50,-33.54
51,-31.8
52,-33.4
53,-35.64
54,-33.38
55,-31.11
56,-32.55
57,-30.0
58,-32.59
59,-32.06
60,-33.96
61,-29.27
62,-31.04
63,-33.73
64,-33.62
65,-34.4
66,-29.47
67,-33.37
68,-34.71
69,-36.19
70,-35.42
71,-31.69
72,-32.53
73,-29.96
74,-33.47
75,-30.54
76,-31.17
77,-32.38
78,-31.8
79,-33.34
80,-31.46
81,-32.52
82,-32.43
83,-30.82
84,-30.66
85,-30.29
86,-32.99
87,-32.21
88,-28.8
89,-31.67
90,-31.67
91,-29.18
92,-30.18
93,-28.84
94,-31.76
95,-32.23
96,-29.89
97,-28.85
98,-30.25
99,-30.6
100,-30.09
101,-30.48
102,-31.54
103,-30.39
104,-31.64
105,-32.01
106,-30.34
107,-30.67
108,-31.16
109,-29.13
110,-31.98
111,-31.7
112,-30.03
113,-32.36
114,-30.98
115,-33.67
116,-30.31
117,-31.08
118,-30.51
119,-31.55
120,-34.12
121,-32.68
122,-31.4
123,-28.13
124,-31.34
125,-31.0
126,-30.61
127,-30.61
128,-32.3
129,-31.61
130,-32.94
131,-30.63
132,-30.4
133,-29.87
134,-32.31
135,-32.27
136,-30.86
137,-33.49
138,-33.5
139,-33.4
140,-31.27
141,-31.94
142,-30.2
143,-32.26
144,-30.25
145,-31.14
146,-30.42
147,-32.23
148,-35.65
149,-31.7
150,-30.71
151,-31.18
152,-32.78
153,-32.93
154,-29.46
155,-31.83
156,-32.3
157,-30.27
158,-28.56
159,-29.38
160,-31.72
161,-30.81
162,-29.66
163,-30.84
164,-32.64
165,-31.93
166,-29.63
167,-29.96
168,-30.95
169,-31.04
170,-33.71
171,-29.72
172,-28.55
173,-28.73
174,-30.34
175,-30.18
176,-31.91
177,-31.79
178,-29.05
179,-29.22
180,-29.76
181,-27.2
182,-29.08
183,-28.73
184,-27.12
185,-27.5
186,-27.34
187,-29.68
188,-31.8
189,-27.59
190,-30.66
191,-27.58
192,-33.85
193,-32.85
194,-30.31
195,-31.63
196,-29.81
197,-30.52
198,-30.79
199,-29.86
200,-29.54
201,-28.31
202,-28.86
203,-28.88
204,-31.59
205,-30.82
206,-29.1
207,-30.06
208,-30.36
209,-29.31
210,-32.07
211,-28.76
212,-32.6
213,-32.77
214,-29.46
215,-30.27
216,-30.78
217,-30.23
218,-29.98
219,-32.95
220,-31.11
221,-28.53
222,-31.59
223,-32.48
224,-28.59
225,-32.98
226,-27.97
227,-30.68
228,-31.07
229,-32.57
230,-31.27
231,-28.37
232,-30.8
233,-35.42
234,-33.79
235,-30.36
236,-31.29
237,-28.58
238,-29.0
239,-32.86
240,-30.89
241,-30.64
242,-32.19
243,-30.68
244,-28.08
245,-29.97
246,-29.39
247,-28.66
248,-30.34
249,-30.04
250,-30.24
251,-29.92
252,-30.28
253,-31.26
254,-32.4
255,-31.18
256,-30.09
257,-31.9
258,-30.81
259,-31.52
260,-27.32
261,-30.69
262,-30.44
263,-27.52
264,-27.25
265,-29.82
266,-30.54
267,-34.33
268,-31.71
269,-27.54
270,-29.14
271,-29.33
272,-29.71
273,-30.26
274,-29.29
275,-30.61
276,-31.24
277,-32.28
278,-28.36
279,-27.59
280,-28.68
281,-30.27
282,-31.12
283,-29.29
284,-30.89
285,-31.4
286,-27.83
287,-31.39
288,-30.98
289,-30.94
290,-31.69
291,-32.42
292,-28.54
293,-31.31
294,-30.8
295,-28.64
296,-29.29
297,-27.89
298,-32.95
299,-30.55
300,-29.02
301,-28.55
302,-30.86
303,-30.32
304,-30.16
305,-31.29
306,-31.59
307,-32.29
308,-28.53
309,-31.09
310,-30.57
311,-29.4
312,-32.28
313,-29.05
314,-29.88
315,-29.33
316,-32.1
317,-28.77
318,-32.11
319,-31.73
320,-30.78
321,-30.48
322,-30.01
323,-30.84
324,-28.09
325,-26.92
326,-32.16
327,-29.3
328,-29.08
329,-32.7
330,-30.45
331,-30.77
332,-31.09
333,-29.84
334,-30.25
335,-31.15
336,-28.62
337,-29.79
338,-31.0
339,-30.22
340,-29.2
341,-30.17
342,-32.49
343,-32.86
344,-33.52
345,-29.52
346,-31.57
347,-29.96
348,-28.29
349,-31.41
350,-32.93
351,-28.09
352,-30.16
353,-30.43
354,-33.16
355,-32.42
356,-31.55
357,-29.62
358,-29.99
359,-30.43
360,-31.9
361,-31.19
362,-31.29
363,-29.77
364,-31.42
365,-31.74
366,-32.52
367,-30.93
368,-31.06
369,-27.47
370,-32.98
371,-28.67
372,-32.18
373,-31.23
374,-31.71
375,-31.35
376,-29.1
377,-31.52
378,-31.5
379,-29.62
380,-33.86
381,-30.24
382,-30.49
383,-30.04
384,-30.29
385,-30.75
386,-30.3
387,-31.94
388,-30.24
389,-30.46
390,-31.31
391,-27.27
392,-32.83
393,-31.75
394,-33.32
395,-31.37
396,-33.11
397,-29.94
398,-33.94
399,-33.28
400,-30.42
401,-32.62
402,-31.63
403,-31.91
404,-30.54
405,-32.32
406,-30.42
407,-29.38
408,-32.25
409,-30.73
410,-32.4
411,-31.46
412,-31.19
413,-33.76
414,-33.53
415,-34.23
416,-29.62
417,-33.08
418,-36.93
419,-32.03
420,-30.43
421,-30.37
422,-31.7
423,-27.84
424,-30.77
425,-30.13
426,-30.16
427,-29.76
428,-34.81
429,-31.33
430,-31.65
431,-31.95
432,-32.08
433,-31.32
434,-33.14
435,-32.09
436,-32.45
437,-30.4
438,-31.85
439,-30.38
440,-30.38
441,-30.64
442,-31.48
443,-29.17
444,-28.51
445,-28.08
446,-29.08
447,-28.03
448,-29.16
449,-29.71
450,-28.62
451,-28.95
452,-30.44
453,-29.88
454,-28.66
455,-28.29
456,-30.89
457,-29.43
458,-30.6
459,-29.04
460,-30.12
461,-30.96
462,-30.85
463,-26.96
464,-30.03
465,-34.44
466,-28.37
467,-28.49
468,-28.86
469,-28.91
470,-31.51
471,-27.92
472,-32.81
473,-28.5
474,-30.14
475,-28.43
476,-29.66
477,-32.25
478,-32.87
479,-29.22
480,-30.11
481,-31.13
482,-31.56
483,-30.71
484,-29.41
485,-28.94
486,-29.71
487,-29.11
488,-34.1
489,-30.71
490,-29.51
491,-30.19
492,-30.46
493,-32.5
494,-28.57
495,-31.85
496,-30.92
497,-30.26
498,-31.27
499,-30.84
500,-33.57
501,-32.11
502,-28.83
503,-30.85
504,-30.22
505,-29.8
506,-30.9
507,-32.63
508,-29.45
509,-31.73
510,-33.16
511,-29.69
512,-28.04
513,-31.36
514,-30.47
515,-32.09
516,-31.57
517,-33.19
518,-29.83
519,-32.78
520,-28.37
521,-32.71
522,-31.36
523,-28.09
524,-30.44
525,-31.5
526,-32.94
527,-30.83
528,-32.1
529,-29.33
530,-32.25
531,-28.97
532,-30.48
533,-29.03
534,-32.35
535,-28.65
536,-33.59
537,-28.57
538,-28.83
539,-27.96
540,-30.35
541,-30.39
542,-32.26
543,-32.53
544,-29.8
545,-28.3
546,-30.28
547,-30.51
548,-31.57
549,-28.37
550,-31.97
551,-31.68
552,-28.17
553,-29.55
554,-30.16
555,-28.44
556,-28.76
557,-31.8
558,-29.45
559,-27.23
560,-31.16
561,-30.93
562,-25.62
563,-28.54
564,-27.04
565,-29.43
566,-31.24
567,-29.56
568,-26.73
569,-29.66
570,-28.17
571,-29.0
572,-28.71
573,-28.01
574,-30.63
575,-30.17
576,-25.9
577,-29.72
578,-31.01
579,-28.34
580,-29.57
581,-27.92
582,-31.25
583,-30.32
584,-29.87
585,-27.91
586,-31.43
587,-29.31
588,-30.64
589,-32.12
590,-31.47
591,-30.95
592,-30.71
593,-31.36
594,-30.5
595,-30.24
596,-28.67
597,-30.79
598,-27.65
599,-30.73
600,-31.18
601,-30.35
602,-31.07
603,-31.13
604,-29.58
605,-28.71
606,-31.01
607,-30.48
608,-28.7
609,-28.83
610,-28.55
611,-32.34
612,-31.45
613,-30.75
614,-30.83
615,-26.39
616,-30.93
617,-32.62
618,-29.64
619,-31.28
620,-29.74
621,-27.84
622,-29.05
623,-29.09
624,-33.31
625,-32.96
626,-32.08
627,-29.93
628,-29.84
629,-30.73
630,-31.99
631,-29.2
632,-29.01
633,-30.66
634,-32.89
635,-32.22
636,-30.05
637,-31.17
638,-29.88
639,-31.48
640,-30.1
641,-31.26
642,-28.5
643,-30.72
644,-31.27
645,-31.03
646,-28.35
647,-31.35
648,-31.38
649,-31.4
650,-29.52
651,-29.95
652,-30.57
653,-29.09
654,-32.3
655,-30.9
656,-30.6
657,-33.71
658,-29.73
659,-32.39
660,-30.48
661,-32.51
662,-30.6
663,-31.93
664,-28.18
665,-30.86
666,-29.23
667,-31.89
668,-31.4
669,-31.3
670,-31.39
671,-30.24
672,-28.94
673,-31.71
674,-30.52
675,-32.07
676,-29.08
677,-31.43
678,-30.96
679,-34.11
680,-31.8
681,-31.47
682,-33.13
683,-31.22
684,-30.4
685,-30.76
686,-32.45
687,-31.88
688,-30.87
689,-32.36
690,-31.98
691,-28.76
692,-31.85
693,-28.76
694,-32.05
695,-33.18
696,-30.97
697,-31.94
698,-32.92
699,-32.16
700,-30.75
701,-31.91
702,-31.48
703,-31.76
704,-29.94
705,-30.04
706,-33.42
707,-33.61
708,-30.56
709,-32.6
710,-29.91
711,-28.81
712,-30.6
713,-30.75
714,-29.37
715,-31.52
716,-31.28
717,-27.61
718,-32.79
719,-31.43
720,-30.38
721,-29.23
722,-28.33
723,-30.77
724,-32.12
725,-30.02
726,-30.49
727,-30.17
728,-30.77
729,-30.75
730,-29.79
731,-31.19
732,-31.44
733,-32.86
734,-29.93
735,-32.63
736,-28.85
737,-30.82
738,-32.27
739,-30.89
740,-32.99
741,-31.42
742,-30.85
743,-32.92
744,-32.66
745,-31.88
746,-29.93
747,-27.78
748,-32.57
749,-31.97
750,-31.55
751,-29.96
752,-28.91
753,-31.93
754,-32.84
755,-27.13
756,-32.9
757,-32.07
758,-32.58
759,-29.78
760,-30.99
761,-28.74
762,-30.4
763,-31.95
764,-31.03
765,-29.57
766,-31.73
767,-28.31
768,-31.89
769,-31.6
770,-31.77
771,-31.53
772,-29.0
773,-31.65
774,-30.79
775,-29.97
776,-31.67
777,-32.62
778,-31.03
779,-30.92
780,-29.73
781,-30.02
782,-29.29
783,-29.42
784,-32.01
785,-29.78
786,-30.83
787,-29.55
788,-32.7
789,-30.26
790,-29.0
791,-32.68
792,-31.89
793,-30.69
794,-30.17
795,-31.42
796,-31.1
797,-28.83
798,-28.8
799,-31.77
800,-27.24
801,-31.07
802,-28.46
803,-28.25
804,-30.04
805,-29.53
806,-27.66
807,-31.35
808,-31.01
809,-31.72
810,-31.69
811,-32.41
812,-31.14
813,-33.73
814,-28.64
815,-30.52
816,-30.46
817,-32.84
818,-29.15
819,-31.38
820,-34.08
821,-33.21
822,-30.84
823,-31.4
824,-29.91
825,-33.55
826,-30.87
827,-32.53
828,-28.86
829,-30.73
830,-30.63
831,-30.56
832,-33.3
833,-31.46
834,-29.54
835,-33.91
836,-31.94
837,-29.74
838,-32.35
839,-32.46
840,-32.57
841,-30.57
842,-32.32
843,-34.74
844,-31.2
845,-29.42
846,-30.11
847,-32.43
848,-30.6
849,-29.37
850,-33.29
851,-29.3
852,-30.42
853,-33.7
854,-29.4
855,-32.56
856,-32.57
857,-30.89
858,-31.88
859,-31.47
860,-30.63
861,-31.73
862,-35.07
863,-32.81
864,-30.72
865,-33.32
866,-31.83
867,-28.22
868,-30.38
869,-31.74
870,-30.27
871,-30.67
872,-29.69
873,-30.35
874,-30.05
875,-31.0
876,-30.31
877,-31.38
878,-31.12
879,-30.4
880,-32.86
881,-30.82
882,-31.96
883,-31.85
884,-29.72
885,-31.65
886,-32.95
887,-29.47
888,-30.45
889,-31.54
890,-32.9
891,-31.3
892,-36.48
893,-32.35
894,-32.01
895,-34.6
896,-31.49
897,-29.86
898,-30.63
899,-31.24
900,-28.69
901,-30.22
902,-29.49
903,-31.27
904,-31.02
905,-31.83
906,-30.14
907,-28.12
908,-30.98
909,-31.48
910,-28.89
911,-31.95
912,-29.47
913,-30.29
914,-31.75
915,-28.87
916,-29.77
917,-32.32
918,-30.62
919,-30.93
920,-31.04
921,-31.83
922,-30.73
923,-32.6
924,-30.6
925,-32.02
926,-30.93
927,-29.43
928,-31.34
929,-30.72
930,-30.23
931,-31.22
932,-28.76
933,-33.03
934,-29.6
935,-33.66
936,-29.92
937,-31.61
938,-31.93
939,-29.62
940,-27.57
941,-32.05
942,-30.71
943,-32.09
944,-30.61
945,-30.7
946,-29.15
947,-30.51
948,-32.51
949,-32.3
950,-31.42
951,-28.27
952,-28.22
953,-31.16
954,-30.88
955,-30.09
956,-31.44
957,-32.1
958,-31.76
959,-29.35
960,-29.56
961,-29.9
962,-30.89
963,-28.73
964,-31.51
965,-32.15
966,-30.52
967,-31.46
968,-30.49
969,-30.13
970,-31.28
971,-30.6
972,-30.7
973,-31.63
974,-32.0
975,-33.12
976,-34.03
977,-32.21
978,-31.09
979,-32.35
980,-30.91
981,-32.16
982,-28.78
983,-31.45
984,-29.0
985,-30.03
986,-29.11
987,-31.39
988,-30.71
989,-28.6
990,-31.01
991,-30.28
992,-28.89
993,-30.89
994,-33.8
995,-31.54
996,-31.37
997,-31.27
998,-32.09
999,-34.85
1000,-30.98
