1,-31.77
2,-33.0
3,-31.66
4,-30.77
5,-30.25
6,-34.08
7,-33.14
8,-32.27
9,-34.45
10,-34.1
11,-32.5
12,-33.13
13,-32.4
14,-34.95
15,-35.34
16,-30.45
17,-33.51
18,-38.0
19,-32.73
20,-34.18
21,-31.72
22,-32.5
23,-34.11
24,-31.73
25,-33.4
26,-32.93
27,-32.69
28,-32.1
29,-33.99
30,-33.27
31,-35.58
32,-35.31
33,-33.39
34,-32.52
35,-32.19
36,-31.9
37,-32.02
38,-31.3
39,-33.06
40,-34.44
41,-33.03
42,-33.37
43,-32.75
44,-32.82
45,-35.77
46,-35.09
47,-33.63
48,-30.71
49,-34.35
50,-31.66
51,-33.46
52,-36.13
53,-34.54
54,-33.34
55,-36.48
56,-33.32
57,-32.81
58,-35.93
59,-32.01
60,-32.29
61,-31.86
62,-33.23
63,-35.07
64,-33.13
65,-35.6
66,-34.54
67,-34.65
68,-32.49
69,-32.58
70,-34.79
71,-36.06
72,-34.96
73,-37.56
74,-32.08
75,-32.61
76,-31.23
77,-32.99
78,-31.87
79,-32.93
80,-33.14
81,-33.84
82,-30.46
83,-31.52
84,-35.41
85,-35.96
86,-32.14
87,-34.32
88,-33.06
89,-29.41
90,-32.69
91,-31.58
92,-32.92
93,-32.64
94,-36.27
95,-32.89
96,-34.64
97,-33.27
98,-34.33
99,-32.24
100,-33.08
101,-34.49
102,-34.75
103,-36.26
104,-33.31
105,-31.76
106,-32.88
107,-34.19
108,-34.01
109,-34.22
110,-36.63
111,-34.02
112,-34.62
113,-36.7
114,-33.71
115,-32.11
116,-31.8
117,-31.93
118,-34.33
119,-34.23
120,-32.76
121,-34.04
122,-34.14
123,-32.67
124,-32.75
125,-33.29
126,-33.11
127,-34.37
128,-35.03
129,-33.04
130,-32.27
131,-31.86
132,-33.11
133,-37.25
134,-33.81
135,-37.32
136,-34.2
137,-35.7
138,-30.97
139,-37.39
140,-32.7
141,-33.77
142,-33.0
143,-32.43
144,-35.41
145,-36.5
146,-33.63
147,-35.78
148,-35.51
149,-35.09
150,-32.51
151,-34.15
152,-30.12
153,-35.15
154,-34.54
155,-33.39
156,-32.2
157,-29.36
158,-33.2
159,-34.22
160,-31.02
161,-31.71
162,-31.96
163,-33.51
164,-31.62
165,-33.43
166,-34.19
167,-30.56
168,-31.26
169,-32.37
170,-34.04
171,-30.12
172,-30.83
173,-31.43
174,-32.74
175,-31.99
176,-33.21
177,-29.47
178,-34.0
179,-33.11
180,-33.25
181,-31.76
182,-32.05
183,-32.51
184,-34.48
185,-32.89
186,-30.24
187,-31.41
188,-30.24
189,-33.43
190,-31.33
191,-30.11
192,-32.75
193,-28.83
194,-30.76
195,-31.44
196,-32.57
197,-31.06
198,-33.18
199,-30.0
200,-32.04
201,-31.8
202,-30.16
203,-32.93
204,-28.58
205,-30.29
206,-31.35
207,-29.5
208,-30.58
209,-32.53
210,-29.53
211,-31.7
212,-33.22
213,-32.16
214,-34.79
215,-29.51
216,-29.3
217,-32.67
218,-38.7
219,-35.81
220,-33.68
221,-35.52
222,-32.83
223,-34.37
224,-33.94
225,-33.82
226,-32.07
227,-30.79
228,-29.77
229,-35.33
230,-33.19
231,-34.04
232,-34.25
233,-34.82
234,-31.22
235,-35.22
236,-32.5
237,-32.69
238,-30.73
239,-31.93
240,-35.52
241,-29.78
242,-31.88
243,-31.87
244,-32.27
245,-30.28
246,-36.64
247,-33.36
248,-32.63
249,-33.18
250,-29.86
251,-36.44
252,-29.95
253,-31.46
254,-32.9
255,-32.43
256,-32.82
257,-33.88
258,-31.82
259,-32.55
260,-32.49
261,-30.28
262,-33.9
263,-33.17
264,-31.73
265,-33.1
266,-29.37
267,-31.6
268,-30.65
269,-32.7
270,-31.04
271,-30.73
272,-30.67
273,-33.53
274,-32.51
275,-31.2
276,-28.99
277,-32.2
278,-33.16
279,-29.88
280,-31.74
281,-30.17
282,-34.88
283,-31.56
284,-31.82
285,-32.57
286,-34.18
287,-33.61
288,-31.04
289,-34.66
290,-33.25
291,-31.27
292,-37.72
293,-35.82
294,-34.07
295,-33.09
296,-33.83
297,-33.44
298,-33.49
299,-32.67
300,-34.42
301,-32.48
302,-33.13
303,-32.55
304,-32.26
305,-31.78
306,-37.17
307,-34.25
308,-32.46
309,-28.91
310,-33.34
311,-32.9
312,-34.98
313,-34.03
314,-33.57
315,-33.51
316,-34.66
317,-35.21
318,-32.5
319,-32.02
320,-33.65
321,-36.33
322,-35.62
323,-34.51
324,-33.83
325,-33.58
326,-34.27
327,-34.2
328,-33.51
329,-32.36
330,-33.78
331,-33.29
332,-33.43
333,-32.91
334,-34.72
335,-34.19
336,-31.44
337,-30.62
338,-31.46
339,-35.66
340,-35.87
341,-33.36
342,-31.55
343,-34.73
344,-31.41
345,-31.95
346,-30.22
347,-32.41
348,-31.55
349,-30.24
350,-31.42
351,-33.43
352,-30.87
353,-33.88
354,-34.22
355,-32.07
356,-31.82
357,-28.4
358,-30.61
359,-33.59
360,-33.27
361,-30.75
362,-30.5
363,-30.99
364,-34.75
365,-29.7
366,-30.73
367,-34.03
368,-30.44
369,-32.11
370,-31.97
371,-32.98
372,-31.14
373,-32.53
374,-33.86
375,-30.43
376,-33.36
377,-30.91
378,-33.18
379,-31.47
380,-33.28
381,-32.9
382,-32.37
383,-32.3
384,-35.14
385,-32.11
386,-31.14
387,-32.07
388,-31.58
389,-29.3
390,-30.04
391,-34.72
392,-32.47
393,-31.17
394,-32.9
395,-33.39
396,-31.63
397,-31.07
398,-32.11
399,-31.25
400,-31.81
401,-30.46
402,-35.08
403,-32.71
404,-33.01
405,-34.81
406,-31.03
407,-30.64
408,-33.23
409,-33.48
410,-32.93
411,-32.17
412,-32.36
413,-35.58
414,-32.86
415,-32.56
416,-33.12
417,-33.3
418,-35.05
419,-30.76
420,-32.93
421,-30.92
422,-30.71
423,-31.49
424,-29.84
425,-31.14
426,-30.43
427,-31.64
428,-31.95
429,-30.68
430,-31.08
431,-32.88
432,-32.9
433,-29.35
434,-30.73
435,-29.65
436,-30.92
437,-29.07
438,-33.46
439,-29.81
440,-30.15
441,-30.22
442,-30.46
443,-28.83
444,-31.69
445,-31.78
446,-32.48
447,-29.54
448,-27.93
449,-31.34
450,-27.1
451,-32.05
452,-32.11
453,-31.48
454,-29.25
455,-32.84
456,-30.66
457,-28.29
458,-33.6
459,-30.78
460,-32.95
461,-32.74
462,-32.4
463,-35.05
464,-31.81
465,-30.79
466,-29.09
467,-34.84
468,-33.59
469,-35.07
470,-33.67
471,-32.85
472,-31.49
473,-33.46
474,-33.18
475,-32.68
476,-34.63
477,-32.55
478,-34.7
479,-32.3
480,-34.84
481,-29.78
482,-30.46
483,-32.56
484,-29.8
485,-32.21
486,-33.89
487,-32.61
488,-31.92
489,-30.63
490,-31.8
491,-32.04
492,-32.06
493,-32.11
494,-30.87
495,-30.35
496,-31.9
497,-32.06
498,-33.58
499,-33.09
500,-31.19
501,-34.45
502,-33.29
503,-34.71
504,-34.72
505,-32.31
506,-32.57
507,-33.59
508,-32.77
509,-30.85
510,-34.16
511,-34.43
512,-30.53
513,-32.71
514,-34.42
515,-32.21
516,-30.99
517,-30.53
518,-30.41
519,-31.6
520,-31.33
521,-32.08
522,-32.93
523,-32.21
524,-31.09
525,-32.93
526,-35.32
527,-30.83
528,-31.0
529,-31.03
530,-30.35
531,-30.9
532,-29.67
533,-30.64
534,-30.67
535,-31.85
536,-35.32
537,-31.08
538,-34.37
539,-32.8
540,-33.32
541,-32.9
542,-30.29
543,-31.3
544,-34.61
545,-31.13
546,-30.4
547,-32.37
548,-32.95
549,-35.92
550,-32.34
551,-29.45
552,-32.61
553,-33.72
554,-32.98
555,-32.57
556,-32.74
557,-36.21
558,-33.5
559,-33.31
560,-29.78
561,-32.34
562,-31.78
563,-34.08
564,-33.51
565,-33.6
566,-33.39
567,-33.92
568,-30.93
569,-30.3
570,-33.25
571,-32.05
572,-29.46
573,-31.41
574,-32.01
575,-30.22
576,-28.33
577,-29.03
578,-29.95
579,-28.57
580,-27.56
581,-27.3
582,-32.03
583,-34.12
584,-29.25
585,-29.51
586,-31.24
587,-32.8
588,-30.26
589,-28.74
590,-27.07
591,-30.07
592,-30.54
593,-29.18
594,-29.63
595,-29.98
596,-28.57
597,-29.77
598,-29.05
599,-30.79
600,-30.96
601,-29.92
602,-30.76
603,-31.42
604,-30.57
605,-29.39
606,-33.99
607,-30.34
608,-30.21
609,-30.95
610,-29.96
611,-30.4
612,-29.87
613,-29.81
614,-32.07
615,-29.26
616,-31.86
617,-31.81
618,-32.25
619,-33.55
620,-32.25
621,-32.07
622,-30.13
623,-34.14
624,-30.04
625,-32.04
626,-31.2
627,-31.89
628,-34.3
629,-34.48
630,-32.8
631,-32.16
632,-29.75
633,-31.99
634,-30.01
635,-31.95
636,-31.13
637,-31.74
638,-31.8
639,-34.7
640,-33.56
641,-29.08
642,-31.76
643,-32.25
644,-31.8
645,-32.73
646,-30.89
647,-31.01
648,-33.64
649,-34.12
650,-32.55
651,-33.61
652,-34.39
653,-31.34
654,-32.07
655,-31.89
656,-33.58
657,-31.83
658,-29.42
659,-30.2
660,-30.06
661,-30.23
662,-32.61
663,-31.32
664,-30.71
665,-32.09
666,-32.77
667,-33.33
668,-32.39
669,-31.85
670,-31.95
671,-33.93
672,-37.17
673,-32.95
674,-32.3
675,-32.43
676,-32.31
677,-33.89
678,-33.76
679,-30.98
680,-32.53
681,-33.76
682,-34.94
683,-33.39
684,-32.19
685,-32.31
686,-30.86
687,-31.19
688,-35.68
689,-31.95
690,-30.89
691,-31.81
692,-33.37
693,-35.33
694,-31.34
695,-32.49
696,-33.72
697,-30.91
698,-32.83
699,-32.76
700,-35.45
701,-32.01
702,-33.95
703,-33.27
704,-31.2
705,-32.08
706,-32.19
707,-31.9
708,-33.9
709,-33.89
710,-30.85
711,-33.64
712,-33.39
713,-31.19
714,-31.18
715,-30.69
716,-30.59
717,-30.57
718,-32.48
719,-31.74
720,-33.23
721,-30.78
722,-31.68
723,-31.08
724,-32.77
725,-28.37
726,-35.33
727,-32.68
728,-30.88
729,-30.01
730,-32.01
731,-30.23
732,-32.49
733,-30.27
734,-30.81
735,-31.3
736,-31.39
737,-34.55
738,-31.05
739,-35.27
740,-32.37
741,-33.23
742,-29.68
743,-26.84
744,-31.79
745,-32.88
746,-33.43
747,-29.47
748,-32.14
749,-30.46
750,-31.94
751,-34.2
752,-33.15
753,-32.9
754,-30.69
755,-31.81
756,-34.17
757,-34.97
758,-28.98
759,-31.88
760,-34.01
761,-30.45
762,-30.49
763,-31.19
764,-30.03
765,-30.61
766,-29.9
767,-33.57
768,-30.09
769,-29.96
770,-31.14
771,-31.1
772,-32.1
773,-30.46
774,-34.17
775,-30.58
776,-32.01
777,-33.45
778,-32.02
779,-30.56
780,-33.04
781,-31.87
782,-32.63
783,-30.21
784,-31.86
785,-32.1
786,-32.0
787,-32.35
788,-34.9
789,-29.98
790,-30.36
791,-31.9
792,-29.67
793,-32.64
794,-32.92
795,-31.98
796,-30.96
797,-33.67
798,-31.49
799,-32.52
800,-32.84
801,-32.59
802,-32.21
803,-32.2
804,-30.39
805,-32.63
806,-34.03
807,-33.28
808,-30.85
809,-34.49
810,-33.86
811,-32.28
812,-35.5
813,-32.54
814,-33.84
815,-32.08
816,-34.0
817,-34.09
818,-32.17
819,-32.41
820,-31.8
821,-30.88
822,-31.96
823,-34.16
824,-33.41
825,-29.73
826,-29.26
827,-31.24
828,-32.56
829,-30.7
830,-33.84
831,-27.74
832,-33.75
833,-30.73
834,-30.58
835,-34.98
836,-29.79
837,-30.08
838,-31.46
839,-31.07
840,-32.16
841,-30.83
842,-31.46
843,-29.81
844,-30.62
845,-30.61
846,-35.76
847,-29.38
848,-32.35
849,-32.82
850,-33.42
851,-30.82
852,-32.06
853,-28.8
854,-33.09
855,-29.75
856,-31.17
857,-30.1
858,-30.56
859,-29.73
860,-32.75
861,-32.4
862,-32.47
863,-33.4
864,-30.32
865,-30.47
866,-32.09
867,-32.7
868,-31.21
869,-32.48
870,-34.43
871,-32.88
872,-31.97
873,-34.25
874,-34.7
875,-33.75
876,-30.71
877,-31.49
878,-32.02
879,-30.25
880,-30.67
881,-28.84
882,-32.47
883,-32.75
884,-32.96
885,-32.24
886,-31.86
887,-30.93
888,-31.13
889,-27.81
890,-34.07
891,-31.19
892,-33.05
893,-32.51
894,-31.09
895,-34.64
896,-30.08
897,-34.66
898,-32.61
899,-33.02
900,-30.37
901,-28.92
902,-35.12
903,-31.79
904,-31.97
905,-30.67
906,-30.76
907,-29.93
908,-32.24
909,-28.95
910,-31.58
911,-31.7
912,-29.75
913,-31.42
914,-31.0
915,-29.5
916,-32.9
917,-31.51
918,-30.75
919,-31.55
920,-33.03
921,-30.51
922,-31.14
923,-33.7
924,-34.0
925,-30.67
926,-31.51
927,-31.02
928,-33.33
929,-33.2
930,-29.01
931,-34.03
932,-33.85
933,-30.16
934,-31.45
935,-34.27
936,-35.79
937,-36.43
938,-31.71
939,-33.35
940,-32.38
941,-31.24
942,-32.44
943,-35.03
944,-33.73
945,-29.95
946,-34.87
947,-34.08
948,-36.66
949,-33.05
950,-31.86
951,-31.89
952,-31.7
953,-30.38
954,-30.39
955,-32.09
956,-31.0
957,-32.21
958,-31.15
959,-32.72
960,-33.06
961,-32.44
962,-29.5
963,-30.78
964,-31.92
965,-32.77
966,-29.71
967,-32.7
968,-32.89
969,-28.93
970,-31.74
971,-34.29
972,-34.16
973,-33.18
974,-32.9
975,-32.45
976,-30.89
977,-32.1
978,-32.13
979,-32.99
980,-31.74
981,-30.82
982,-29.01
983,-33.55
984,-31.39
985,-31.09
986,-31.7
987,-32.26
988,-30.65
989,-34.05
990,-34.06
991,-29.43
992,-32.81
993,-31.16
994,-31.02
995,-33.42
996,-30.53
997,-33.8
998,-31.92
999,-33.47
1000,-31.38
