1,-36.21
2,-36.7
3,-37.8
4,-36.61
5,-37.47
6,-39.02
7,-34.35
8,-36.5
9,-37.48
10,-36.42
11,-40.24
12,-37.51
13,-36.88
14,-35.47
15,-36.89
16,-36.47
17,-38.12
18,-34.2
19,-35.05
20,-38.64
21,-36.66
22,-35.03
23,-36.49
24,-34.55
25,-33.63
26,-35.54
27,-34.96
28,-38.42
29,-38.39
30,-36.93
31,-35.28
32,-38.73
33,-32.77
34,-38.06
35,-33.67
36,-36.21
37,-34.06
38,-40.04
39,-35.53
40,-36.13
41,-33.61
42,-35.52
43,-38.6
44,-34.34
45,-33.94
46,-35.58
47,-34.96
48,-36.14
49,-34.4
50,-36.29
51,-36.56
52,-34.61
53,-35.57
54,-35.2
55,-35.64
56,-37.37
57,-34.87
58,-35.37
59,-37.21
60,-34.17
61,-33.34
62,-37.72
63,-35.57
64,-36.65
65,-35.33
66,-34.48
67,-33.61
68,-35.64
69,-38.97
70,-34.99
71,-33.71
72,-35.78
73,-38.09
74,-37.4
75,-33.57
76,-34.79
77,-37.13
78,-36.97
79,-38.22
80,-34.3
81,-36.6
82,-35.32
83,-36.9
84,-36.4
85,-33.37
86,-33.15
87,-37.5
88,-38.91
89,-35.6
90,-36.26
91,-37.24
92,-37.06
93,-36.43
94,-33.03
95,-33.0
96,-36.67
97,-37.11
98,-36.03
99,-35.12
100,-36.0
101,-36.36
102,-36.8
103,-37.16
104,-34.72
105,-37.17
106,-35.09
107,-34.37
108,-36.11
109,-37.95
110,-37.41
111,-36.47
112,-33.46
113,-33.49
114,-35.94
115,-35.27
116,-33.7
117,-32.28
118,-36.71
119,-37.09
120,-34.6
121,-38.03
122,-37.09
123,-34.78
124,-35.69
125,-36.26
126,-34.45
127,-34.5
128,-36.68
129,-37.88
130,-34.53
131,-36.54
132,-36.4
133,-35.43
134,-35.21
135,-35.8
136,-35.58
137,-37.02
138,-34.76
139,-33.82
140,-35.27
141,-33.64
142,-34.94
143,-35.65
144,-36.63
145,-34.78
146,-33.77
147,-35.55
148,-39.17
149,-32.98
150,-33.92
151,-37.52
152,-33.56
153,-33.39
154,-36.07
155,-33.26
156,-33.68
157,-32.39
158,-34.24
159,-34.9
160,-36.02
161,-38.3
162,-36.51
163,-33.49
164,-33.44
165,-34.11
166,-34.63
167,-34.26
168,-35.68
169,-33.97
170,-33.18
171,-36.8
172,-35.98
173,-34.99
174,-34.36
175,-31.91
176,-34.32
177,-36.47
178,-34.69
179,-37.45
180,-36.43
181,-36.44
182,-32.86
183,-33.82
184,-34.36
185,-32.65
186,-34.72
187,-34.37
188,-33.24
189,-33.96
190,-34.09
191,-34.41
192,-34.81
193,-34.74
194,-32.91
195,-36.09
196,-33.56
197,-34.79
198,-36.46
199,-34.47
200,-32.67
201,-36.36
202,-35.8
203,-32.91
204,-33.31
205,-33.72
206,-34.22
207,-37.28
208,-36.26
209,-34.78
210,-33.61
211,-34.56
212,-35.62
213,-32.29
214,-36.02
215,-34.41
216,-34.46
217,-33.37
218,-34.35
219,-34.68
220,-34.93
221,-32.06
222,-34.04
223,-32.61
224,-34.57
225,-36.13
226,-33.56
227,-34.66
228,-32.99
229,-34.37
230,-35.62
231,-34.28
232,-35.95
233,-34.15
234,-34.16
235,-35.26
236,-32.4
237,-32.55
238,-32.69
239,-34.83
240,-32.68
241,-32.37
242,-33.66
243,-33.86
244,-33.32
245,-34.7
246,-32.33
247,-34.4
248,-36.76
249,-36.13
250,-34.71
251,-36.11
252,-35.38
253,-37.2
254,-33.54
255,-33.97
256,-31.99
257,-34.04
258,-35.09
259,-36.07
260,-30.89
261,-32.02
262,-33.68
263,-34.2
264,-34.18
265,-36.75
266,-34.79
267,-35.63
268,-34.86
269,-34.17
270,-34.56
271,-30.73
272,-30.5
273,-32.25
274,-32.48
275,-32.85
276,-31.22
277,-33.45
278,-31.47
279,-36.15
280,-31.77
281,-33.16
282,-33.28
283,-33.84
284,-35.45
285,-32.85
286,-31.62
287,-32.45
288,-34.73
289,-32.75
290,-34.08
291,-34.7
292,-35.1
293,-31.55
294,-35.77
295,-35.37
296,-35.08
297,-33.94
298,-32.34
299,-35.62
300,-33.76
301,-32.88
302,-34.16
303,-33.03
304,-33.76
305,-32.3
306,-31.65
307,-32.48
308,-31.92
309,-34.45
310,-32.0
311,-33.92
312,-34.61
313,-34.38
314,-33.25
315,-33.42
316,-32.38
317,-33.12
318,-32.35
319,-32.97
320,-36.1
321,-36.54
322,-32.7
323,-32.17
324,-35.76
325,-30.71
326,-32.1
327,-31.7
328,-34.13
329,-30.68
330,-32.3
331,-33.2
332,-32.3
333,-30.84
334,-34.08
335,-31.28
336,-30.76
337,-31.47
338,-33.42
339,-33.06
340,-32.66
341,-31.35
342,-32.79
343,-32.22
344,-31.54
345,-34.5
346,-34.58
347,-32.42
348,-31.17
349,-34.8
350,-32.68
351,-32.94
352,-33.69
353,-30.16
354,-32.31
355,-32.06
356,-31.68
357,-32.82
358,-31.54
359,-32.33
360,-33.39
361,-32.5
362,-32.3
363,-33.27
364,-30.82
365,-31.85
366,-30.94
367,-33.16
368,-34.01
369,-30.48
370,-33.67
371,-33.34
372,-32.5
373,-32.15
374,-32.99
375,-31.79
376,-33.82
377,-32.87
378,-33.8
379,-35.36
380,-33.71
381,-29.83
382,-32.22
383,-32.19
384,-31.61
385,-32.09
386,-32.52
387,-32.21
388,-30.09
389,-32.64
390,-31.25
391,-30.66
392,-30.91
393,-33.0
394,-31.95
395,-32.46
396,-31.05
397,-31.12
398,-32.75
399,-32.66
400,-32.69
401,-33.72
402,-30.61
403,-30.41
404,-32.32
405,-35.37
406,-33.38
407,-32.02
408,-31.56
409,-31.48
410,-32.18
411,-30.71
412,-34.8
413,-32.1
414,-31.99
415,-32.29
416,-32.24
417,-30.62
418,-31.37
419,-33.38
420,-30.63
421,-32.24
422,-29.37
423,-31.08
424,-33.78
425,-30.86
426,-32.74
427,-31.92
428,-29.86
429,-31.11
430,-32.77
431,-30.58
432,-32.01
433,-30.38
434,-33.15
435,-33.7
436,-32.5
437,-32.68
438,-32.31
439,-31.62
440,-31.75
441,-29.91
442,-32.35
443,-31.16
444,-28.94
445,-29.2
446,-30.61
447,-31.89
448,-31.69
449,-31.64
450,-29.93
451,-30.91
452,-30.54
453,-31.52
454,-32.28
455,-31.84
456,-32.53
457,-29.84
458,-31.08
459,-32.05
460,-31.93
461,-30.18
462,-30.89
463,-31.86
464,-31.89
465,-29.63
466,-29.06
467,-31.27
468,-32.7
469,-30.74
470,-32.94
471,-30.13
472,-32.13
473,-31.68
474,-32.56
475,-29.61
476,-30.14
477,-31.34
478,-33.76
479,-32.59
480,-32.25
481,-30.62
482,-32.11
483,-30.69
484,-33.05
485,-31.98
486,-32.82
487,-30.7
488,-31.81
489,-30.56
490,-30.07
491,-30.0
492,-35.4
493,-30.88
494,-30.49
495,-30.55
496,-32.87
497,-32.24
498,-31.63
499,-28.47
500,-30.95
501,-30.01
502,-31.4
503,-32.55
504,-30.51
505,-31.1
506,-31.4
507,-31.54
508,-31.61
509,-29.1
510,-31.41
511,-30.0
512,-30.79
513,-33.64
514,-28.5
515,-30.76
516,-30.69
517,-31.97
518,-30.89
519,-29.86
520,-29.52
521,-30.6
522,-30.28
523,-29.02
524,-31.91
525,-32.62
526,-30.55
527,-30.67
528,-30.43
529,-31.58
530,-30.72
531,-28.74
532,-31.28
533,-30.5
534,-29.97
535,-29.5
536,-29.05
537,-31.48
538,-28.26
539,-29.48
540,-31.72
541,-32.02
542,-30.57
543,-31.01
544,-29.2
545,-31.12
546,-29.48
547,-29.51
548,-30.25
549,-33.42
550,-28.41
551,-30.15
552,-30.79
553,-29.8
554,-30.69
555,-28.36
556,-30.52
557,-32.72
558,-32.34
559,-32.53
560,-32.7
561,-31.01
562,-29.66
563,-31.1
564,-29.35
565,-30.59
566,-32.5
567,-31.24
568,-30.32
569,-29.64
570,-30.58
571,-29.14
572,-29.47
573,-31.35
574,-30.29
575,-31.87
576,-29.97
577,-30.26
578,-29.23
579,-30.72
580,-30.83
581,-31.16
582,-30.25
583,-30.04
584,-29.82
585,-31.41
586,-31.86
587,-29.49
588,-29.61
589,-31.61
590,-32.06
591,-30.89
592,-29.7
593,-28.93
594,-31.72
595,-30.52
596,-30.14
597,-32.82
598,-29.31
599,-30.54
600,-29.89
601,-28.39
602,-29.2
603,-30.39
604,-30.71
605,-31.76
606,-32.37
607,-29.43
608,-29.89
609,-30.35
610,-29.55
611,-31.08
612,-30.66
613,-33.29
614,-31.56
615,-30.08
616,-30.84
617,-30.6
618,-31.63
619,-28.81
620,-31.32
621,-31.3
622,-31.72
623,-29.36
624,-30.57
625,-29.32
626,-29.46
627,-30.35
628,-30.69
629,-29.74
630,-30.51
631,-28.69
632,-30.04
633,-30.8
634,-32.4
635,-28.61
636,-29.86
637,-27.77
638,-30.04
639,-29.23
640,-30.47
641,-31.41
642,-28.43
643,-32.09
644,-26.98
645,-29.32
646,-29.12
647,-31.0
648,-30.75
649,-30.44
650,-31.19
651,-30.25
652,-30.11
653,-29.63
654,-30.27
655,-28.97
656,-28.06
657,-29.96
658,-27.8
659,-30.19
660,-28.72
661,-30.5
662,-28.77
663,-30.51
664,-30.04
665,-30.22
666,-30.64
667,-29.78
668,-31.91
669,-28.73
670,-29.74
671,-31.72
672,-30.15
673,-28.39
674,-28.62
675,-29.79
676,-29.77
677,-29.67
678,-29.64
679,-31.0
680,-30.03
681,-29.57
682,-29.43
683,-30.14
684,-28.9
685,-29.31
686,-29.24
687,-30.07
688,-28.49
689,-29.64
690,-31.67
691,-30.95
692,-28.37
693,-30.04
694,-28.42
695,-28.93
696,-31.69
697,-31.16
698,-30.74
699,-29.7
700,-29.55
701,-29.84
702,-29.15
703,-31.21
704,-29.87
705,-29.52
706,-29.55
707,-29.1
708,-28.73
709,-28.74
710,-28.87
711,-29.31
712,-30.78
713,-28.81
714,-29.81
715,-30.39
716,-30.65
717,-28.16
718,-29.3
719,-28.15
720,-28.84
721,-31.12
722,-29.52
723,-29.53
724,-29.91
725,-27.44
726,-30.95
727,-29.26
728,-28.93
729,-29.87
730,-29.53
731,-28.41
732,-31.34
733,-28.38
734,-28.05
735,-27.4
736,-31.24
737,-30.2
738,-30.32
739,-30.32
740,-29.49
741,-31.4
742,-26.49
743,-29.23
744,-28.17
745,-29.56
746,-28.06
747,-29.67
748,-30.41
749,-29.04
750,-30.13
751,-30.19
752,-28.89
753,-30.62
754,-29.07
755,-28.51
756,-28.31
757,-28.14
758,-28.95
759,-30.67
760,-28.06
761,-27.72
762,-27.44
763,-29.07
764,-29.01
765,-29.45
766,-29.62
767,-30.2
768,-30.6
769,-28.19
770,-29.79
771,-29.01
772,-27.62
773,-29.85
774,-28.17
775,-29.35
776,-28.88
777,-28.43
778,-29.84
779,-28.07
780,-28.76
781,-28.0
782,-30.56
783,-27.57
784,-29.38
785,-28.77
786,-31.33
787,-28.11
788,-28.24
789,-30.1
790,-30.67
791,-30.7
792,-28.49
793,-29.38
794,-27.53
795,-28.52
796,-26.6
797,-29.51
798,-29.04
799,-28.22
800,-29.72
801,-28.57
802,-30.84
803,-28.31
804,-30.47
805,-28.53
806,-31.08
807,-30.42
808,-30.08
809,-28.18
810,-29.14
811,-29.54
812,-28.01
813,-30.08
814,-28.19
815,-28.31
816,-28.02
817,-29.4
818,-28.39
819,-29.97
820,-27.66
821,-28.98
822,-27.43
823,-29.86
824,-30.88
825,-25.85
826,-31.15
827,-27.61
828,-28.08
829,-29.61
830,-30.64
831,-28.11
832,-26.66
833,-28.68
834,-27.08
835,-28.0
836,-30.05
837,-28.35
838,-27.51
839,-29.16
840,-27.89
841,-27.7
842,-26.65
843,-28.93
844,-29.46
845,-26.76
846,-29.07
847,-29.54
848,-28.0
849,-29.42
850,-27.46
851,-27.55
852,-27.59
853,-27.9
854,-28.63
855,-27.18
856,-29.47
857,-28.19
858,-28.57
859,-29.45
860,-27.37
861,-29.76
862,-28.98
863,-29.49
864,-29.16
865,-28.22
866,-26.97
867,-29.61
868,-28.49
869,-26.44
870,-26.85
871,-28.72
872,-27.3
873,-27.35
874,-27.34
875,-28.14
876,-29.44
877,-26.7
878,-28.64
879,-26.06
880,-27.8
881,-26.47
882,-28.44
883,-29.12
884,-29.17
885,-26.05
886,-27.24
887,-27.56
888,-26.27
889,-27.81
890,-26.45
891,-27.77
892,-26.82
893,-28.84
894,-27.39
895,-27.22
896,-26.94
897,-27.18
898,-28.15
899,-27.95
900,-27.47
901,-28.96
902,-28.62
903,-27.46
904,-26.83
905,-27.36
906,-28.18
907,-27.15
908,-26.95
909,-25.7
910,-28.93
911,-27.89
912,-27.03
913,-25.96
914,-26.45
915,-27.29
916,-29.08
917,-28.17
918,-27.07
919,-26.02
920,-27.41
921,-29.27
922,-27.42
923,-27.34
924,-26.95
925,-28.24
926,-27.4
927,-27.22
928,-29.28
929,-26.73
930,-26.16
931,-26.48
932,-27.95
933,-26.28
934,-28.19
935,-27.5
936,-27.96
937,-29.77
938,-27.41
939,-27.17
940,-28.42
941,-26.28
942,-27.52
943,-28.12
944,-27.8
945,-28.87
946,-26.58
947,-26.67
948,-26.2
949,-28.2
950,-28.9
951,-27.27
952,-28.43
953,-26.65
954,-25.87
955,-27.35
956,-27.63
957,-27.69
958,-27.73
959,-27.63
960,-26.31
961,-27.63
962,-27.69
963,-27.54
964,-27.37
965,-27.11
966,-27.55
967,-25.49
968,-28.53
969,-27.89
970,-27.98
971,-29.81
972,-25.18
973,-26.01
974,-26.89
975,-27.83
976,-26.87
977,-27.3
978,-27.88
979,-26.17
980,-25.65
981,-27.48
982,-27.41
983,-26.56
984,-27.4
985,-25.65
986,-27.34
987,-27.06
988,-26.68
989,-26.91
990,-26.85
991,-26.58
992,-27.5
993,-28.08
994,-26.52
995,-27.09
996,-26.04
997,-26.92
998,-26.85
999,-27.24
1000,-26.33
