5 5
  -449 2 1 0 1 0 2
  1055 0 4 0 0 0 4
  -11516 1 1 0 0 1 1
  12409 1 2 2 2 0 3
  -4599 1 0 2 0 1 2
5 5
  -11699 3 1 0 2 0 2
  272 1 0 0 0 0 1
  -5718 0 3 0 2 0 1
  -11673 1 2 2 1 0 4
  -12129 2 2 0 3 0 1
5 5
  -2486 1 1 0 0 0 2
  9166 3 0 0 1 2 0
  -3028 1 1 0 0 1 1
  11212 2 1 0 0 2 1
  -14087 4 1 0 0 3 2
5 5
  -12677 4 0 0 0 3 1
  11574 1 3 1 1 0 4
  3918 1 1 0 0 2 0
  5575 2 1 0 0 2 1
  -1059 1 3 0 2 1 1
5 5
  -2300 3 0 0 0 1 2
  -234 5 0 0 3 0 2
  -11278 4 0 1 2 2 1
  -11456 2 0 3 0 0 5
  9684 2 0 0 1 0 1
5 5
  -2544 1 1 0 0 2 0
  10803 2 0 2 1 1 2
  2762 0 2 0 0 1 1
  15741 4 1 0 0 1 4
  -12608 5 0 0 3 0 2
5 5
  -11321 0 2 0 0 0 2
  -5356 1 2 1 0 0 4
  2383 0 2 2 1 0 3
  -33 2 1 1 0 0 4
  10836 0 4 0 0 1 3
5 5
  -1878 0 2 1 0 0 3
  -13546 2 0 3 1 0 4
  13266 1 2 0 0 2 1
  -7498 3 0 0 0 1 2
  10844 1 0 0 0 1 0
5 5
  10263 2 0 3 0 2 3
  -8527 2 0 1 0 0 3
  -4159 1 1 2 0 1 3
  54 3 1 0 1 3 0
  11568 1 1 0 1 0 1
5 5
  5535 0 3 1 0 0 4
  -12498 1 0 1 0 1 1
  -4610 4 1 0 2 3 0
  -2921 0 2 1 0 0 3
  11432 1 1 0 0 1 1
5 5
  -7281 1 0 1 0 0 2
  10545 1 1 0 0 1 1
  -15586 4 0 1 2 0 3
  -1794 0 3 0 1 1 1
  -14136 1 1 0 0 0 2
5 5
  -4386 1 3 0 1 0 3
  -5458 1 0 1 0 1 1
  -13362 0 3 0 1 0 2
  6625 3 1 1 0 0 5
  6126 1 1 1 0 1 2
5 5
  -13190 3 2 0 1 0 4
  -8706 2 1 0 0 2 1
  -8747 1 1 0 0 1 1
  -10090 2 1 1 0 2 2
  -11526 0 3 0 0 1 2
