5 6
  2634 0 4 1 2 1 2
  9889 0 1 1 0 0 2
  -8019 2 3 0 3 1 1
  -12872 4 0 1 3 1 1
  8580 3 0 0 0 1 2
5 6
  793 2 0 0 0 0 2
  -15567 0 3 1 1 1 2
  -13279 2 0 0 1 1 0
  5207 2 2 0 0 0 4
  14395 3 0 0 0 2 1
5 6
  15397 2 0 0 0 1 1
  -4343 3 1 1 0 4 1
  -9446 2 0 0 1 1 0
  4872 1 2 1 1 0 3
  14399 2 2 0 0 0 4
5 6
  11233 1 2 2 0 0 5
  6813 0 3 0 2 0 1
  12038 0 2 0 0 0 2
  -1543 1 1 1 0 0 3
  -12791 0 3 0 0 0 3
5 6
  -12155 0 3 1 0 1 3
  -2981 1 0 1 0 1 1
  11783 0 2 1 0 0 3
  -5472 1 2 0 0 3 0
  -7146 0 5 0 1 3 1
5 6
  -8554 2 0 0 1 0 1
  10230 3 1 0 0 3 1
  4419 1 0 1 0 1 1
  10314 0 4 0 3 0 1
  12543 1 3 0 1 1 2
