5 4
  -6547 1 0 0 0 0 1
  -166 1 2 1 1 1 2
  9100 1 2 0 1 1 1
  15894 1 2 1 0 3 1
  -9807 0 1 2 0 0 3
5 4
  -14874 3 0 0 0 2 1
  -13862 1 0 0 0 1 0
  1163 1 0 2 0 0 3
  -11196 0 2 0 0 1 1
  10445 0 4 0 0 1 3
5 4
  -376 3 0 0 1 0 2
  -13473 5 0 0 0 4 1
  -12670 2 0 0 0 0 2
  -6326 1 1 0 1 0 1
  -3637 1 0 0 0 1 0
5 4
  -4860 0 3 0 0 0 3
  -3534 3 0 0 2 0 1
  10434 3 0 1 0 3 1
  6827 3 1 0 2 0 2
  -4218 0 1 0 0 0 1
5 4
  6679 1 3 0 3 0 1
  -1912 0 1 0 0 0 1
  -1657 0 2 1 1 0 2
  4029 2 2 0 0 2 2
  -14837 0 5 0 0 3 2
5 4
  305 0 1 0 0 0 1
  7966 1 0 4 0 1 4
  -15506 3 0 0 1 2 0
  3292 0 4 0 1 1 2
  -5439 0 4 0 1 1 2
5 4
  -1180 0 2 0 0 1 1
  -9181 2 2 1 1 0 4
  -2292 0 4 0 3 0 1
  -6180 1 2 2 1 0 4
  -12397 0 2 0 0 0 2
5 4
  -13013 4 0 1 2 0 3
  3328 2 1 0 0 3 0
  3738 5 0 0 1 2 2
  4561 1 0 0 0 0 1
  2849 3 2 0 3 0 2
5 4
  14139 0 1 1 0 0 2
  -9419 1 1 0 0 1 1
  3635 1 2 1 0 1 3
  12798 1 0 0 0 1 0
  -888 3 1 1 2 1 2
5 4
  -812 0 1 0 0 0 1
  -7220 0 2 0 0 1 1
  -681 1 1 0 1 0 1
  11565 5 0 0 0 0 5
  -13054 0 4 0 1 1 2
5 4
  3508 2 1 0 2 0 1
  7438 0 3 0 0 0 3
  -12032 1 3 0 2 0 2
  7193 1 0 0 0 1 0
  15975 0 1 1 0 0 2
5 4
  8336 0 2 0 1 0 1
  9494 2 0 0 1 0 1
  13105 1 3 0 3 0 1
  7618 0 1 0 0 0 1
  -7258 4 1 0 1 1 3
5 4
  -4618 1 1 2 0 0 4
  -2536 2 0 0 0 2 0
  4036 1 0 0 0 1 0
  6838 4 0 1 0 3 2
  12446 2 0 1 0 1 2
5 4
  -8487 2 0 1 0 1 2
  8268 1 3 1 2 1 2
  -8550 0 1 0 0 0 1
  -2098 0 4 1 3 0 2
  -13278 2 0 0 1 1 0
5 4
  -4633 2 2 1 0 2 3
  10016 1 0 0 0 0 1
  -427 0 2 0 1 0 1
  10190 2 0 1 1 1 1
  646 3 0 1 1 2 1
5 4
  -522 0 2 1 0 1 2
  -178 2 0 0 1 0 1
  5023 1 0 0 0 1 0
  -5639 0 3 2 0 0 5
  -8340 2 0 0 0 1 1
5 4
  3609 3 0 0 1 0 2
  -9000 5 0 0 2 2 1
  -10373 3 2 0 1 0 4
  -11940 2 0 0 1 0 1
  -1532 2 2 0 0 0 4
5 4
  2534 3 2 0 1 2 2
  -13805 3 2 0 2 1 2
  12725 0 1 0 0 0 1
  -12108 1 1 0 0 1 1
  -4643 4 0 0 0 0 4
5 4
  -8051 3 0 0 0 3 0
  -554 1 2 1 0 2 2
  15358 0 2 0 0 1 1
  580 1 0 0 0 0 1
  -799 1 1 0 0 0 2
5 4
  13239 1 0 0 0 1 0
  -8615 4 0 0 1 2 1
  13105 1 3 1 1 0 4
  -12387 3 0 0 2 0 1
  736 1 4 0 0 2 3
5 4
  -1781 0 2 0 1 0 1
  -11696 3 1 1 2 1 2
  12323 2 3 0 0 3 2
  6803 2 2 0 0 3 1
  10 1 0 0 0 0 1
5 4
  9258 0 1 1 0 0 2
  3864 1 1 0 1 0 1
  9123 1 0 0 0 1 0
  11396 2 1 1 0 2 2
  8954 3 2 0 0 2 3
