5 3
  -997 0 5 0 1 1 3
  -727 4 0 0 2 0 2
  6059 0 1 0 0 0 1
  3289 0 1 0 0 0 1
  -15266 1 0 0 0 0 1
5 3
  15165 1 0 0 0 0 1
  -7246 0 1 0 0 0 1
  5532 2 0 0 0 2 0
  5185 2 1 0 1 2 0
  8192 1 0 0 0 1 0
5 3
  -15752 2 1 1 0 1 3
  -10588 0 3 0 1 1 1
  13124 1 3 0 1 1 2
  12627 3 2 0 1 2 2
  575 1 0 0 0 0 1
5 3
  10423 0 4 1 2 1 2
  -12013 3 0 0 1 2 0
  10796 1 0 0 0 1 0
  -11229 0 3 1 0 2 2
  11134 1 0 0 0 0 1
5 3
  11840 4 0 1 1 3 1
  -12514 0 2 0 0 1 1
  6424 2 2 1 2 0 3
  7844 1 0 0 0 1 0
  -12371 2 1 1 0 2 2
5 3
  2633 0 2 1 1 0 2
  8195 1 1 2 1 0 3
  15587 2 0 0 1 0 1
  -3615 1 0 0 0 0 1
  10509 0 1 0 0 0 1
5 3
  10687 2 1 0 2 0 1
  11543 3 0 0 1 1 1
  -15338 0 1 0 0 0 1
  14886 1 0 0 0 1 0
  10052 4 1 0 3 1 1
5 3
  -14535 2 0 0 1 0 1
  4299 2 0 2 1 1 2
  8904 4 0 0 0 3 1
  6860 0 1 0 0 0 1
  -4805 1 0 0 0 0 1
5 3
  3435 1 2 0 0 0 3
  2224 0 2 0 1 0 1
  13156 1 0 0 0 0 1
  4498 1 2 1 1 0 3
  1754 1 0 0 0 0 1
5 3
  15546 1 0 0 0 1 0
  7596 0 4 1 0 2 3
  -4968 3 1 0 0 3 1
  -5907 0 1 0 0 0 1
  8266 1 1 1 0 2 1
5 3
  14616 2 1 1 0 1 3
  8777 1 1 0 1 0 1
  11067 1 0 0 0 0 1
  -7642 0 2 0 0 1 1
  -7556 1 0 0 0 1 0
5 3
  9203 3 0 0 0 0 3
  13145 0 1 1 0 0 2
  6004 0 1 0 0 0 1
  8830 3 0 0 1 0 2
  -3511 1 2 2 1 0 4
5 3
  -13650 1 0 0 0 1 0
  14791 0 4 0 2 1 1
  5010 2 0 0 0 0 2
  9184 0 1 0 0 0 1
  5440 3 1 1 1 0 4
5 3
  -1638 0 3 2 0 0 5
  -2448 2 0 1 1 1 1
  4961 2 0 2 1 1 2
  -6916 0 3 1 0 2 2
  -15469 1 0 0 0 1 0
5 3
  -4857 4 0 0 0 2 2
  9468 1 0 0 0 0 1
  -7412 2 0 0 0 0 2
  -9614 1 0 0 0 1 0
  -12254 1 0 0 0 0 1
5 3
  10695 1 0 0 0 0 1
  13321 3 0 0 1 1 1
  4833 2 1 0 0 3 0
  -14055 1 0 2 0 1 2
  7214 0 1 0 0 0 1
5 3
  661 2 0 0 1 0 1
  -10871 1 0 0 0 1 0
  -2456 3 0 0 2 0 1
  5985 1 0 0 0 1 0
  11174 0 1 0 0 0 1
5 3
  -5425 0 1 1 0 0 2
  -9674 3 1 0 0 4 0
  12837 0 1 0 0 0 1
  82 1 0 1 0 0 2
  -13944 0 2 0 0 0 2
5 3
  -8615 1 0 0 0 0 1
  -6221 0 3 0 0 0 3
  -1368 3 0 0 0 2 1
  3028 2 0 1 1 0 2
  -1742 0 1 0 0 0 1
5 3
  -5383 0 1 0 0 0 1
  6221 1 0 1 0 1 1
  -3493 0 2 0 1 0 1
  6057 1 0 0 0 0 1
  -11393 2 0 1 0 2 1
5 3
  -5547 2 0 0 0 0 2
  9336 1 0 0 0 1 0
  5451 1 0 0 0 1 0
  13909 0 4 0 1 0 3
  12693 1 1 0 0 2 0
5 3
  7063 0 1 0 0 0 1
  -7704 3 0 0 2 0 1
  -2466 3 0 0 0 3 0
  10447 1 0 0 0 1 0
  -14850 0 3 0 0 0 3
5 3
  -4010 3 1 0 0 4 0
  4908 1 1 0 0 1 1
  14971 2 1 1 2 0 2
  12476 0 4 0 2 0 2
  -7567 1 0 0 0 1 0
5 3
  7125 4 0 0 0 4 0
  10743 1 0 0 0 0 1
  -15052 0 1 0 0 0 1
  -9836 1 1 1 0 0 3
  -4486 1 1 2 0 2 2
5 3
  -837 2 0 0 1 1 0
  8790 3 0 0 2 0 1
  -2131 2 2 0 1 0 3
  -8753 0 1 0 0 0 1
  13499 1 0 0 0 1 0
5 3
  8939 1 0 0 0 0 1
  -4963 2 0 0 1 1 0
  -862 0 4 1 0 1 4
  -8655 0 1 1 0 0 2
  3329 0 2 2 0 0 4
5 3
  14807 1 0 0 0 1 0
  14461 3 0 0 1 1 1
  1956 1 1 0 0 0 2
  -9220 3 2 0 2 3 0
  4488 1 0 0 0 1 0
5 3
  -1221 0 1 0 0 0 1
  8959 0 5 0 1 2 2
  -1649 2 0 1 0 2 1
  -7045 3 1 0 2 1 1
  -11223 1 0 1 0 1 1
5 3
  -5771 0 1 1 0 0 2
  11012 1 1 0 0 1 1
  3472 1 0 0 0 0 1
  2157 0 4 1 1 0 4
  6385 3 1 0 1 2 1
5 3
  4147 0 3 0 1 1 1
  5693 3 1 1 1 0 4
  8751 2 0 1 0 0 3
  -13369 1 0 0 0 1 0
  14653 1 0 0 0 0 1
5 3
  -13706 3 0 1 1 0 3
  6541 1 3 0 0 1 3
  -8925 3 1 1 0 1 4
  13423 0 2 1 0 0 3
  -3476 0 1 0 0 0 1
5 3
  -4190 3 0 1 2 0 2
  -4886 1 0 0 0 0 1
  10404 4 0 1 3 0 2
  2966 3 1 0 0 2 2
  -3592 3 0 2 1 1 3
5 3
  10049 1 0 0 0 0 1
  1299 0 1 0 0 0 1
  6492 1 0 0 0 0 1
  -7254 1 0 0 0 1 0
  2578 1 0 1 0 0 2
5 3
  -13800 1 0 0 0 1 0
  11708 2 3 0 2 1 2
  10506 1 3 0 0 1 3
  -1130 0 4 1 3 0 2
  -2972 3 0 0 1 2 0
5 3
  -14116 3 0 0 0 1 2
  -6633 1 0 0 0 1 0
  -14506 4 0 0 0 2 2
  -740 0 1 0 0 0 1
  13985 1 0 0 0 1 0
5 3
  -881 2 0 0 1 0 1
  14029 0 1 0 0 0 1
  -803 0 2 0 0 1 1
  13980 2 1 2 1 1 3
  -12114 2 2 1 0 0 5
5 3
  2072 2 1 0 0 1 2
  13952 0 1 0 0 0 1
  12364 1 1 1 0 0 3
  -8943 2 2 0 1 2 1
  -7975 1 0 0 0 0 1
5 3
  132 2 0 0 0 0 2
  -3722 0 1 0 0 0 1
  7555 2 1 1 0 0 4
  -6613 1 0 0 0 0 1
  -6210 0 1 1 0 0 2
5 3
  1090 2 1 1 0 0 4
  13981 4 0 0 1 1 2
  7875 5 0 0 4 1 0
  -4365 1 0 0 0 1 0
  -2261 0 1 0 0 0 1
5 3
  -15316 1 0 0 0 0 1
  -9222 1 0 0 0 0 1
  4819 2 1 0 0 3 0
  14335 2 1 0 2 0 1
  -11416 2 2 0 1 1 2
