5 7
  12140 0 1 1 0 0 2
  -15420 2 1 0 0 3 0
  12028 1 2 0 0 0 3
  -7072 0 1 2 0 0 3
  13068 3 0 1 1 0 3
5 7
  -8176 4 0 0 1 0 3
  -8210 3 2 0 0 3 2
  6832 2 1 0 0 1 2
  -12042 3 1 0 0 0 4
  13980 2 2 0 0 0 4
5 7
  3416 1 4 0 1 1 3
  -11284 1 1 0 0 2 0
  13223 0 4 0 2 0 2
  -4572 3 2 0 0 4 1
  -3656 2 0 0 0 0 2
5 7
  -2782 2 0 0 0 0 2
  3051 3 2 0 3 1 1
  -6849 2 2 1 1 2 2
  -8561 0 4 0 3 0 1
  -5346 4 0 0 0 2 2
5 7
  9999 2 2 1 0 1 4
  7353 5 0 0 3 0 2
  8029 3 0 0 1 2 0
  -9376 1 1 0 0 1 1
  6798 0 3 0 1 0 2
