5 2
  4661 1 0 0 0 0 1
  -3497 1 4 0 1 1 3
  -13533 1 0 0 0 0 1
  8753 3 0 1 1 1 2
  7519 1 0 1 0 0 2
5 2
  -13731 4 1 0 1 4 0
  -1095 2 0 0 1 1 0
  -9727 3 0 0 2 0 1
  5388 1 2 0 0 3 0
  8373 1 0 0 0 1 0
5 2
  -2997 2 1 0 0 2 1
  14281 1 0 0 0 1 0
  -3620 1 4 0 3 1 1
  14291 3 0 0 1 2 0
  -6116 1 0 0 0 1 0
5 2
  -3491 1 0 0 0 0 1
  8332 1 0 0 0 0 1
  1758 1 0 0 0 0 1
  -9642 2 0 0 0 0 2
  2869 1 1 0 0 1 1
5 2
  -2274 0 3 0 0 0 3
  2781 0 3 0 0 1 2
  -6211 0 2 0 0 0 2
  -651 0 1 0 0 0 1
  10045 2 2 1 0 1 4
5 2
  -12192 0 3 1 0 0 4
  8164 0 1 0 0 0 1
  5543 2 2 0 1 0 3
  -451 0 1 0 0 0 1
  14769 0 1 0 0 0 1
5 2
  -12816 0 4 1 0 1 4
  15191 1 0 0 0 0 1
  -562 1 0 0 0 0 1
  11137 1 0 1 0 1 1
  4636 3 0 0 2 1 0
5 2
  6727 2 0 0 1 0 1
  -11812 4 0 0 0 3 1
  -13632 2 0 1 0 2 1
  8127 1 0 0 0 0 1
  -14163 1 0 0 0 0 1
5 2
  -15276 2 2 1 1 3 1
  -9195 1 0 0 0 1 0
  -5177 3 0 0 2 1 0
  10270 2 2 0 3 0 1
  13031 0 4 0 2 1 1
