1,-37.16
2,-35.97
3,-36.07
4,-36.87
5,-36.48
6,-40.02
7,-33.17
8,-37.29
9,-34.51
10,-41.01
11,-35.57
12,-35.98
13,-33.72
14,-35.93
15,-38.32
16,-34.98
17,-36.58
18,-39.0
19,-34.68
20,-36.06
21,-36.27
22,-35.02
23,-37.51
24,-37.92
25,-35.09
26,-37.47
27,-33.65
28,-34.56
29,-37.6
30,-35.14
31,-37.31
32,-34.08
33,-37.84
34,-35.44
35,-39.54
36,-35.67
37,-36.69
38,-35.09
39,-35.05
40,-36.57
41,-35.58
42,-33.72
43,-36.53
44,-36.23
45,-37.02
46,-35.43
47,-36.73
48,-34.29
49,-34.41
50,-35.79
51,-36.99
52,-32.87
53,-37.86
54,-33.12
55,-34.16
56,-36.61
57,-34.93
58,-35.01
59,-34.81
60,-34.27
61,-35.06
62,-33.61
63,-35.64
64,-35.12
65,-36.36
66,-36.13
67,-33.7
68,-33.39
69,-34.49
70,-37.72
71,-35.38
72,-36.12
73,-33.64
74,-37.42
75,-35.52
76,-34.1
77,-31.81
78,-33.49
79,-34.49
80,-33.12
81,-34.05
82,-35.03
83,-36.14
84,-34.76
85,-33.29
86,-32.96
87,-33.82
88,-34.51
89,-35.04
90,-36.74
91,-31.64
92,-34.4
93,-35.88
94,-32.72
95,-34.16
96,-34.53
97,-33.53
98,-35.02
99,-34.76
100,-34.52
101,-35.14
102,-32.65
103,-34.12
104,-34.59
105,-35.02
106,-36.03
107,-33.76
108,-34.21
109,-33.37
110,-34.16
111,-32.84
112,-30.81
113,-35.53
114,-34.19
115,-34.68
116,-33.48
117,-32.85
118,-33.14
119,-33.29
120,-33.4
121,-33.4
122,-33.77
123,-33.02
124,-33.47
125,-33.86
126,-35.41
127,-33.85
128,-32.65
129,-31.43
130,-31.74
131,-33.22
132,-33.94
133,-34.41
134,-32.6
135,-31.82
136,-33.76
137,-35.06
138,-32.06
139,-34.2
140,-32.34
141,-34.69
142,-30.24
143,-31.67
144,-31.39
145,-32.15
146,-31.66
147,-34.12
148,-32.85
149,-34.7
150,-33.97
151,-32.22
152,-33.01
153,-33.24
154,-32.68
155,-31.47
156,-32.3
157,-32.19
158,-33.92
159,-31.96
160,-34.0
161,-31.11
162,-34.38
163,-33.52
164,-35.1
165,-31.98
166,-34.11
167,-32.0
168,-33.15
169,-33.25
170,-33.77
171,-33.49
172,-30.68
173,-34.14
174,-35.16
175,-31.73
176,-33.19
177,-30.98
178,-33.05
179,-32.09
180,-32.44
181,-31.64
182,-31.66
183,-30.44
184,-33.48
185,-33.59
186,-32.22
187,-33.41
188,-32.46
189,-31.86
190,-32.0
191,-31.0
192,-31.22
193,-31.38
194,-33.17
195,-30.26
196,-33.1
197,-31.95
198,-32.66
199,-32.86
200,-29.62
201,-31.49
202,-32.07
203,-31.17
204,-31.12
205,-32.24
206,-31.37
207,-32.01
208,-30.83
209,-32.95
210,-30.5
211,-31.61
212,-33.27
213,-29.65
214,-31.46
215,-32.01
216,-30.88
217,-32.76
218,-29.63
219,-32.58
220,-31.76
221,-30.43
222,-31.33
223,-31.51
224,-32.61
225,-30.66
226,-30.17
227,-30.23
228,-30.59
229,-28.85
230,-32.65
231,-31.04
232,-32.48
233,-31.67
234,-31.78
235,-29.59
236,-31.48
237,-29.65
238,-31.52
239,-28.31
240,-31.67
241,-31.75
242,-30.76
243,-32.52
244,-32.44
245,-31.36
246,-30.87
247,-30.11
248,-29.84
249,-30.04
250,-30.42
251,-30.88
252,-31.93
253,-29.91
254,-31.89
255,-28.79
256,-31.37
257,-31.47
258,-29.76
259,-32.26
260,-31.72
261,-33.1
262,-28.64
263,-29.89
264,-31.47
265,-29.7
266,-30.73
267,-32.27
268,-29.72
269,-29.09
270,-28.84
271,-30.51
272,-28.37
273,-30.65
274,-30.46
275,-30.71
276,-29.84
277,-30.1
278,-31.24
279,-33.33
280,-29.4
281,-30.52
282,-28.69
283,-28.96
284,-30.5
285,-30.67
286,-29.66
287,-29.29
288,-29.37
289,-32.63
290,-28.03
291,-30.47
292,-29.7
293,-30.08
294,-29.89
295,-30.79
296,-29.51
297,-28.83
298,-31.85
299,-29.77
300,-29.6
301,-29.0
302,-29.41
303,-31.08
304,-29.42
305,-30.45
306,-28.84
307,-28.5
308,-31.24
309,-30.21
310,-27.96
311,-29.04
312,-29.77
313,-28.8
314,-30.01
315,-29.85
316,-30.61
317,-28.5
318,-29.69
319,-28.91
320,-28.74
321,-30.13
322,-29.72
323,-31.61
324,-27.82
325,-28.5
326,-28.23
327,-27.97
328,-29.85
329,-30.95
330,-28.94
331,-30.02
332,-31.62
333,-29.57
334,-30.52
335,-28.86
336,-29.94
337,-29.29
338,-28.79
339,-29.98
340,-30.8
341,-25.16
342,-30.66
343,-29.59
344,-28.94
345,-29.78
346,-27.94
347,-29.22
348,-29.42
349,-29.03
350,-29.75
351,-28.99
352,-28.66
353,-28.71
354,-30.48
355,-29.06
356,-29.68
357,-29.29
358,-27.4
359,-28.79
360,-29.75
361,-29.66
362,-28.47
363,-30.65
364,-30.69
365,-27.47
366,-30.22
367,-28.26
368,-27.23
369,-29.19
370,-29.18
371,-29.05
372,-29.11
373,-27.78
374,-28.87
375,-29.26
376,-28.84
377,-29.15
378,-27.36
379,-27.92
380,-29.02
381,-27.75
382,-29.4
383,-25.91
384,-28.26
385,-26.54
386,-25.87
387,-29.16
388,-28.78
389,-27.85
390,-28.65
391,-30.56
392,-27.02
393,-28.62
394,-28.08
395,-27.94
396,-29.08
397,-27.23
398,-28.73
399,-29.43
400,-29.43
401,-27.59
402,-27.89
403,-26.29
404,-27.88
405,-27.86
406,-27.47
407,-28.93
408,-27.68
409,-30.13
410,-26.78
411,-28.04
412,-28.92
413,-27.65
414,-27.11
415,-28.0
416,-27.05
417,-27.62
418,-28.13
419,-27.87
420,-26.99
421,-30.21
422,-27.77
423,-27.66
424,-27.19
425,-28.46
426,-28.85
427,-28.49
428,-28.6
429,-27.49
430,-27.58
431,-27.97
432,-29.01
433,-27.56
434,-29.35
435,-28.86
436,-29.45
437,-28.52
438,-27.73
439,-29.88
440,-28.5
441,-28.02
442,-27.43
443,-27.93
444,-29.71
445,-28.81
446,-28.37
447,-29.28
448,-27.01
449,-27.06
450,-27.15
451,-30.42
452,-28.1
453,-28.66
454,-27.22
455,-29.51
456,-27.11
457,-27.09
458,-26.34
459,-29.18
460,-27.43
461,-27.47
462,-27.57
463,-28.25
464,-27.65
465,-28.07
466,-27.01
467,-28.26
468,-28.07
469,-27.34
470,-28.73
471,-28.6
472,-27.04
473,-28.36
474,-27.57
475,-27.46
476,-27.46
477,-27.35
478,-27.45
479,-26.3
480,-28.81
481,-28.65
482,-27.21
483,-29.32
484,-26.18
485,-27.55
486,-27.89
487,-26.52
488,-26.51
489,-28.14
490,-26.78
491,-26.58
492,-26.4
493,-28.25
494,-27.07
495,-26.49
496,-26.95
497,-26.15
498,-27.7
499,-29.53
500,-27.25
501,-27.45
502,-27.01
503,-28.6
504,-26.65
505,-27.09
506,-28.43
507,-27.13
508,-27.93
509,-26.49
510,-27.55
511,-27.28
512,-27.24
513,-26.69
514,-26.91
515,-26.77
516,-27.54
517,-26.68
518,-26.75
519,-29.11
520,-26.88
521,-28.2
522,-27.17
523,-26.65
524,-28.93
525,-27.4
526,-25.38
527,-25.73
528,-26.01
529,-28.2
530,-27.05
531,-29.02
532,-28.6
533,-26.69
534,-26.49
535,-27.98
536,-25.23
537,-25.58
538,-26.26
539,-26.66
540,-26.6
541,-26.57
542,-26.27
543,-27.61
544,-28.18
545,-26.31
546,-26.55
547,-26.74
548,-26.1
549,-26.35
550,-26.49
551,-26.65
552,-25.89
553,-26.05
554,-27.91
555,-25.99
556,-27.01
557,-26.45
558,-28.05
559,-26.04
560,-26.94
561,-26.09
562,-27.02
563,-26.71
564,-26.72
565,-28.03
566,-25.14
567,-28.5
568,-26.98
569,-26.97
570,-26.05
571,-26.28
572,-28.44
573,-27.11
574,-26.79
575,-24.59
576,-26.89
577,-26.8
578,-24.94
579,-26.77
580,-26.15
581,-27.69
582,-26.74
583,-27.34
584,-26.2
585,-25.98
586,-25.35
587,-26.89
588,-25.77
589,-27.14
590,-26.52
591,-26.63
592,-25.03
593,-24.38
594,-26.65
595,-26.39
596,-26.3
597,-26.25
598,-25.16
599,-26.64
600,-27.82
601,-25.79
602,-26.56
603,-25.63
604,-25.9
605,-26.67
606,-27.16
607,-26.37
608,-26.12
609,-25.45
610,-27.11
611,-25.21
612,-26.99
613,-26.99
614,-27.12
615,-24.6
616,-27.2
617,-24.8
618,-25.24
619,-25.43
620,-26.27
621,-25.36
622,-26.96
623,-24.49
624,-25.88
625,-26.82
626,-25.9
627,-25.81
628,-25.87
629,-25.64
630,-24.01
631,-26.61
632,-25.28
633,-26.72
634,-25.38
635,-26.31
636,-24.83
637,-25.24
638,-24.39
639,-25.7
640,-27.13
641,-25.31
642,-26.61
643,-26.38
644,-26.27
645,-27.33
646,-26.34
647,-25.1
648,-24.76
649,-26.12
650,-24.96
651,-25.86
652,-25.5
653,-26.2
654,-25.99
655,-25.84
656,-27.95
657,-25.54
658,-25.49
659,-27.2
660,-26.69
661,-25.21
662,-24.06
663,-26.16
664,-26.1
665,-26.62
666,-25.9
667,-28.18
668,-25.88
669,-24.76
670,-25.36
671,-24.61
672,-25.55
673,-26.22
674,-24.83
675,-25.46
676,-25.73
677,-25.9
678,-26.17
679,-27.1
680,-26.0
681,-26.15
682,-25.52
683,-26.35
684,-25.83
685,-25.46
686,-25.38
687,-24.97
688,-26.18
689,-26.03
690,-26.36
691,-25.43
692,-25.1
693,-27.06
694,-26.84
695,-26.4
696,-27.19
697,-25.87
698,-26.67
699,-25.83
700,-25.56
701,-24.85
702,-25.26
703,-26.73
704,-26.75
705,-27.09
706,-24.94
707,-23.1
708,-25.19
709,-27.35
710,-25.42
711,-24.71
712,-26.53
713,-25.28
714,-25.65
715,-24.83
716,-25.46
717,-24.82
718,-23.65
719,-24.73
720,-25.81
721,-24.64
722,-24.86
723,-24.99
724,-24.45
725,-25.2
726,-25.59
727,-24.62
728,-25.19
729,-25.14
730,-25.87
731,-24.63
732,-23.65
733,-25.2
734,-25.3
735,-24.98
736,-25.08
737,-25.55
738,-25.17
739,-25.46
740,-24.31
741,-26.99
742,-25.57
743,-25.24
744,-26.68
745,-24.91
746,-24.21
747,-24.44
748,-25.47
749,-24.5
750,-25.83
751,-24.65
752,-24.15
753,-24.82
754,-25.67
755,-25.66
756,-25.83
757,-25.38
758,-24.67
759,-24.31
760,-24.98
761,-24.83
762,-25.51
763,-25.09
764,-25.22
765,-24.77
766,-24.56
767,-23.62
768,-25.13
769,-23.91
770,-24.02
771,-24.17
772,-24.75
773,-25.66
774,-24.55
775,-24.56
776,-24.62
777,-25.1
778,-24.05
779,-24.25
780,-25.13
781,-25.32
782,-23.56
783,-25.35
784,-24.68
785,-23.69
786,-24.74
787,-24.49
788,-24.21
789,-25.72
790,-24.98
791,-25.09
792,-25.66
793,-26.07
794,-26.28
795,-24.05
796,-24.84
797,-24.97
798,-26.03
799,-23.25
800,-25.09
801,-23.43
802,-24.01
803,-25.92
804,-25.26
805,-26.61
806,-25.51
807,-23.14
808,-26.11
809,-24.41
810,-23.1
811,-26.21
812,-24.6
813,-24.98
814,-24.85
815,-24.96
816,-23.58
817,-25.21
818,-24.76
819,-25.14
820,-24.29
821,-24.83
822,-23.86
823,-24.75
824,-24.25
825,-24.03
826,-25.17
827,-24.94
828,-25.39
829,-23.27
830,-23.99
831,-24.65
832,-24.93
833,-24.47
834,-23.74
835,-23.57
836,-23.92
837,-23.3
838,-25.17
839,-23.18
840,-23.67
841,-24.07
842,-23.59
843,-25.1
844,-23.92
845,-24.56
846,-25.14
847,-23.13
848,-24.05
849,-24.81
850,-23.55
851,-23.23
852,-23.45
853,-24.69
854,-22.36
855,-24.97
856,-25.32
857,-24.29
858,-24.13
859,-24.71
860,-23.97
861,-22.83
862,-23.04
863,-24.97
864,-24.54
865,-24.24
866,-24.16
867,-23.63
868,-22.69
869,-23.8
870,-24.58
871,-23.44
872,-23.97
873,-23.78
874,-23.32
875,-25.06
876,-24.29
877,-25.49
878,-23.22
879,-24.21
880,-24.89
881,-23.38
882,-24.87
883,-24.9
884,-23.86
885,-23.81
886,-23.48
887,-24.23
888,-23.17
889,-23.72
890,-23.66
891,-24.78
892,-25.5
893,-24.17
894,-24.04
895,-24.04
896,-23.76
897,-23.54
898,-23.92
899,-25.05
900,-22.77
901,-24.25
902,-24.11
903,-25.64
904,-23.6
905,-24.3
906,-24.08
907,-23.91
908,-23.82
909,-24.54
910,-24.43
911,-24.16
912,-23.65
913,-23.49
914,-23.89
915,-23.31
916,-23.4
917,-23.92
918,-24.18
919,-23.38
920,-24.42
921,-23.73
922,-24.93
923,-24.8
924,-25.74
925,-23.55
926,-24.27
927,-24.21
928,-24.14
929,-23.5
930,-23.61
931,-23.82
932,-23.61
933,-24.49
934,-23.39
935,-23.15
936,-23.49
937,-25.23
938,-24.56
939,-24.67
940,-22.44
941,-23.65
942,-22.59
943,-22.8
944,-22.58
945,-23.78
946,-23.24
947,-23.75
948,-23.83
949,-22.84
950,-24.51
951,-24.28
952,-23.66
953,-23.04
954,-24.61
955,-23.41
956,-22.93
957,-25.17
958,-23.22
959,-23.45
960,-22.87
961,-23.82
962,-24.3
963,-24.27
964,-22.56
965,-24.7
966,-24.48
967,-23.54
968,-24.27
969,-24.07
970,-23.49
971,-23.72
972,-23.63
973,-22.46
974,-23.68
975,-23.87
976,-24.39
977,-23.67
978,-24.83
979,-24.54
980,-24.41
981,-24.58
982,-23.08
983,-23.95
984,-22.98
985,-23.31
986,-23.66
987,-23.04
988,-23.85
989,-23.1
990,-24.35
991,-24.4
992,-23.37
993,-23.66
994,-23.67
995,-22.22
996,-23.37
997,-23.81
998,-23.25
999,-23.5
1000,-23.82
