1,-33.51
2,-35.41
3,-33.63
4,-35.42
5,-35.2
6,-33.78
7,-32.96
8,-36.12
9,-34.12
10,-32.66
11,-32.39
12,-33.33
13,-30.85
14,-34.64
15,-32.63
16,-33.33
17,-32.88
18,-34.78
19,-33.02
20,-32.91
21,-31.02
22,-32.64
23,-33.68
24,-33.81
25,-32.96
26,-32.18
27,-33.07
28,-33.92
29,-31.62
30,-33.72
31,-33.11
32,-33.84
33,-30.44
34,-31.5
35,-31.62
36,-31.38
37,-32.68
38,-32.74
39,-31.87
40,-33.29
41,-32.38
42,-31.18
43,-31.91
44,-31.74
45,-31.56
46,-33.1
47,-30.58
48,-32.43
49,-30.6
50,-30.69
51,-29.84
52,-29.79
53,-30.66
54,-31.04
55,-32.72
56,-30.88
57,-30.1
58,-30.23
59,-30.49
60,-31.37
61,-30.55
62,-31.88
63,-31.64
64,-31.12
65,-28.61
66,-29.9
67,-29.42
68,-30.16
69,-29.71
70,-30.04
71,-29.89
72,-30.42
73,-29.41
74,-28.68
75,-29.56
76,-30.3
77,-30.73
78,-30.25
79,-30.11
80,-31.81
81,-29.61
82,-31.51
83,-27.85
84,-29.5
85,-28.75
86,-30.58
87,-28.3
88,-29.66
89,-30.25
90,-28.82
91,-29.2
92,-28.25
93,-29.44
94,-30.81
95,-28.07
96,-29.35
97,-29.24
98,-29.73
99,-28.24
100,-27.76
101,-29.08
102,-27.93
103,-28.67
104,-29.05
105,-28.23
106,-27.94
107,-27.29
108,-27.64
109,-27.22
110,-29.03
111,-28.2
112,-27.66
113,-27.27
114,-28.58
115,-27.57
116,-28.1
117,-29.2
118,-27.41
119,-26.47
120,-29.06
121,-28.2
122,-26.57
123,-27.72
124,-26.3
125,-27.66
126,-28.48
127,-25.33
128,-28.45
129,-28.73
130,-29.0
131,-28.68
132,-26.3
133,-26.71
134,-27.39
135,-27.26
136,-27.34
137,-26.83
138,-26.47
139,-26.3
140,-25.62
141,-27.26
142,-25.5
143,-26.99
144,-26.06
145,-27.37
146,-27.35
147,-27.13
148,-27.6
149,-26.76
150,-26.16
151,-25.09
152,-26.04
153,-24.73
154,-25.57
155,-27.04
156,-25.38
157,-25.8
158,-24.86
159,-28.09
160,-24.68
161,-25.39
162,-25.25
163,-24.0
164,-26.09
165,-25.31
166,-25.68
167,-25.56
168,-26.04
169,-24.84
170,-26.36
171,-26.83
172,-24.68
173,-25.29
174,-25.13
175,-25.69
176,-23.97
177,-24.49
178,-25.02
179,-25.5
180,-25.01
181,-24.01
182,-24.89
183,-24.56
184,-25.27
185,-25.78
186,-24.86
187,-24.2
188,-26.14
189,-24.7
190,-25.96
191,-24.35
192,-25.79
193,-23.52
194,-24.26
195,-24.72
196,-24.77
197,-23.54
198,-24.59
199,-23.9
200,-24.44
201,-23.5
202,-25.17
203,-24.27
204,-24.59
205,-24.61
206,-24.11
207,-24.34
208,-23.67
209,-24.67
210,-24.27
211,-24.73
212,-25.24
213,-23.99
214,-24.26
215,-23.81
216,-22.92
217,-24.46
218,-23.62
219,-24.57
220,-24.19
221,-24.59
222,-22.91
223,-23.34
224,-23.99
225,-23.18
226,-23.88
227,-24.12
228,-24.31
229,-24.14
230,-24.98
231,-23.29
232,-23.69
233,-24.14
234,-23.12
235,-24.08
236,-24.22
237,-22.34
238,-24.9
239,-23.81
240,-24.23
241,-23.13
242,-24.94
243,-22.84
244,-23.34
245,-22.5
246,-24.14
247,-21.74
248,-24.57
249,-24.04
250,-24.92
251,-22.77
252,-23.67
253,-24.06
254,-23.46
255,-22.54
256,-23.6
257,-23.64
258,-22.84
259,-22.77
260,-24.53
261,-23.36
262,-23.65
263,-23.08
264,-23.1
265,-24.32
266,-23.23
267,-23.5
268,-24.59
269,-23.51
270,-23.46
271,-24.28
272,-23.93
273,-24.27
274,-21.57
275,-23.07
276,-22.91
277,-22.22
278,-23.88
279,-23.15
280,-22.54
281,-23.96
282,-22.8
283,-22.97
284,-23.16
285,-23.07
286,-24.63
287,-23.57
288,-22.85
289,-24.29
290,-22.61
291,-23.06
292,-23.14
293,-23.94
294,-23.12
295,-22.89
296,-23.21
297,-21.53
298,-23.38
299,-23.5
300,-24.25
301,-23.67
302,-23.18
303,-24.0
304,-22.63
305,-22.19
306,-23.11
307,-22.41
308,-22.88
309,-23.34
310,-22.43
311,-23.55
312,-23.15
313,-24.26
314,-24.06
315,-23.44
316,-22.77
317,-22.79
318,-22.87
319,-23.42
320,-22.21
321,-22.31
322,-23.49
323,-23.61
324,-23.37
325,-24.59
326,-22.96
327,-22.19
328,-23.04
329,-23.12
330,-24.18
331,-23.47
332,-23.99
333,-23.09
334,-23.73
335,-22.28
336,-22.85
337,-23.61
338,-23.94
339,-22.59
340,-23.26
341,-22.68
342,-22.71
343,-22.61
344,-23.04
345,-22.68
346,-23.15
347,-22.67
348,-22.07
349,-22.88
350,-22.59
351,-22.83
352,-22.85
353,-23.14
354,-22.93
355,-23.18
356,-22.51
357,-22.33
358,-22.62
359,-22.74
360,-22.87
361,-22.56
362,-24.48
363,-22.7
364,-23.67
365,-22.29
366,-25.05
367,-22.81
368,-22.62
369,-23.32
370,-22.08
371,-22.26
372,-23.04
373,-22.07
374,-23.1
375,-23.04
376,-22.1
377,-23.23
378,-23.07
379,-22.6
380,-22.81
381,-23.26
382,-23.26
383,-22.69
384,-21.57
385,-22.61
386,-23.97
387,-23.44
388,-22.09
389,-22.89
390,-23.13
391,-23.18
392,-23.62
393,-22.74
394,-22.62
395,-23.45
396,-22.43
397,-21.98
398,-22.98
399,-23.4
400,-23.13
401,-22.31
402,-21.75
403,-23.37
404,-22.8
405,-23.51
406,-22.54
407,-22.92
408,-23.8
409,-23.14
410,-24.32
411,-23.83
412,-23.26
413,-22.19
414,-23.19
415,-23.19
416,-23.58
417,-23.09
418,-22.22
419,-22.7
420,-24.4
421,-22.75
422,-22.54
423,-22.75
424,-22.53
425,-22.42
426,-23.45
427,-22.68
428,-22.41
429,-23.05
430,-22.72
431,-22.19
432,-22.89
433,-22.45
434,-21.62
435,-21.92
436,-22.59
437,-21.82
438,-22.39
439,-22.93
440,-22.88
441,-22.8
442,-22.14
443,-23.72
444,-21.65
445,-23.51
446,-22.44
447,-23.11
448,-23.55
449,-21.8
450,-22.6
451,-22.24
452,-22.06
453,-22.39
454,-22.26
455,-22.78
456,-22.68
457,-21.71
458,-22.31
459,-23.24
460,-22.35
461,-22.5
462,-22.72
463,-22.65
464,-22.86
465,-22.37
466,-21.6
467,-22.18
468,-22.31
469,-21.85
470,-22.33
471,-23.63
472,-22.95
473,-23.81
474,-23.1
475,-23.27
476,-22.86
477,-23.52
478,-23.17
479,-22.19
480,-21.98
481,-22.63
482,-22.65
483,-23.85
484,-22.81
485,-23.74
486,-23.43
487,-22.77
488,-22.97
489,-22.13
490,-21.92
491,-22.61
492,-22.89
493,-21.74
494,-22.41
495,-23.48
496,-22.5
497,-22.24
498,-21.99
499,-22.98
500,-23.92
501,-23.15
502,-22.46
503,-22.72
504,-23.01
505,-22.08
506,-22.52
507,-22.85
508,-20.82
509,-22.32
510,-23.49
511,-22.35
512,-21.97
513,-23.05
514,-23.25
515,-22.08
516,-22.36
517,-22.99
518,-22.17
519,-22.53
520,-21.8
521,-22.68
522,-20.96
523,-21.74
524,-22.78
525,-23.25
526,-23.87
527,-21.67
528,-23.1
529,-22.42
530,-23.13
531,-23.58
532,-21.79
533,-22.67
534,-22.95
535,-22.0
536,-22.31
537,-23.1
538,-23.46
539,-23.6
540,-22.33
541,-22.12
542,-22.19
543,-21.62
544,-22.96
545,-24.17
546,-22.55
547,-21.95
548,-22.61
549,-23.54
550,-23.02
551,-21.96
552,-23.19
553,-23.52
554,-22.47
555,-22.01
556,-22.85
557,-23.39
558,-22.07
559,-21.42
560,-23.68
561,-23.28
562,-23.28
563,-22.27
564,-22.6
565,-22.47
566,-22.29
567,-23.46
568,-22.05
569,-22.02
570,-22.19
571,-23.59
572,-21.99
573,-23.53
574,-23.03
575,-22.09
576,-22.73
577,-22.87
578,-22.95
579,-24.1
580,-22.2
581,-22.13
582,-22.48
583,-22.06
584,-22.06
585,-22.95
586,-23.56
587,-22.86
588,-22.95
589,-22.22
590,-22.91
591,-23.14
592,-22.53
593,-22.86
594,-22.52
595,-22.71
596,-23.01
597,-22.83
598,-22.71
599,-22.51
600,-22.6
601,-22.63
602,-22.86
603,-21.31
604,-22.84
605,-22.12
606,-22.51
607,-22.3
608,-22.34
609,-22.9
610,-22.48
611,-21.96
612,-22.93
613,-23.04
614,-22.72
615,-22.65
616,-22.63
617,-21.86
618,-23.09
619,-22.4
620,-22.33
621,-22.51
622,-22.42
623,-21.82
624,-22.78
625,-23.05
626,-23.43
627,-22.0
628,-22.78
629,-21.98
630,-21.6
631,-22.29
632,-22.08
633,-22.13
634,-22.56
635,-21.98
636,-22.06
637,-22.69
638,-23.82
639,-22.76
640,-22.15
641,-22.11
642,-21.75
643,-22.21
644,-22.8
645,-21.43
646,-22.95
647,-22.58
648,-22.76
649,-21.77
650,-22.06
651,-22.73
652,-22.44
653,-21.24
654,-22.46
655,-22.53
656,-22.2
657,-21.91
658,-21.96
659,-21.74
660,-21.73
661,-21.95
662,-22.11
663,-22.15
664,-22.9
665,-22.47
666,-22.44
667,-21.72
668,-22.53
669,-21.43
670,-21.48
671,-22.16
672,-21.41
673,-21.83
674,-22.56
675,-22.32
676,-22.86
677,-22.86
678,-22.19
679,-22.64
680,-22.47
681,-22.55
682,-22.13
683,-22.05
684,-21.37
685,-22.48
686,-22.15
687,-21.65
688,-23.33
689,-22.98
690,-21.94
691,-22.14
692,-23.07
693,-21.41
694,-22.27
695,-22.65
696,-22.0
697,-22.6
698,-21.96
699,-22.06
700,-22.85
701,-21.81
702,-22.72
703,-22.86
704,-21.8
705,-21.88
706,-22.88
707,-22.66
708,-21.95
709,-22.08
710,-21.82
711,-22.63
712,-22.78
713,-22.64
714,-21.84
715,-22.5
716,-22.47
717,-22.03
718,-22.45
719,-22.17
720,-22.7
721,-23.0
722,-22.19
723,-22.84
724,-22.27
725,-22.05
726,-22.61
727,-21.07
728,-23.45
729,-22.03
730,-21.77
731,-21.71
732,-22.73
733,-22.45
734,-22.64
735,-23.15
736,-21.66
737,-23.1
738,-22.65
739,-21.43
740,-21.78
741,-22.58
742,-21.38
743,-22.43
744,-21.58
745,-22.04
746,-23.1
747,-22.02
748,-22.34
749,-23.08
750,-22.69
751,-22.47
752,-21.59
753,-22.4
754,-21.87
755,-21.72
756,-22.49
757,-22.65
758,-22.78
759,-21.46
760,-21.66
761,-21.96
762,-22.28
763,-22.47
764,-22.28
765,-21.76
766,-22.68
767,-22.39
768,-21.95
769,-21.97
770,-22.6
771,-23.52
772,-22.84
773,-22.53
774,-21.64
775,-23.07
776,-22.41
777,-21.52
778,-22.26
779,-21.83
780,-21.2
781,-22.65
782,-22.64
783,-22.58
784,-21.61
785,-23.66
786,-22.0
787,-22.43
788,-21.07
789,-21.5
790,-23.04
791,-21.54
792,-21.76
793,-22.8
794,-21.83
795,-21.69
796,-22.82
797,-23.22
798,-23.01
799,-22.05
800,-22.73
801,-23.04
802,-21.56
803,-22.93
804,-21.9
805,-21.77
806,-22.86
807,-22.31
808,-21.51
809,-21.86
810,-21.25
811,-22.31
812,-22.31
813,-21.34
814,-22.08
815,-22.85
816,-22.64
817,-23.02
818,-21.32
819,-22.46
820,-21.47
821,-21.48
822,-22.69
823,-21.96
824,-21.37
825,-21.73
826,-22.18
827,-21.41
828,-22.53
829,-21.7
830,-23.01
831,-21.94
832,-22.46
833,-22.88
834,-22.42
835,-21.9
836,-23.04
837,-21.98
838,-22.63
839,-21.82
840,-22.78
841,-22.73
842,-22.32
843,-22.23
844,-22.32
845,-22.24
846,-23.48
847,-22.08
848,-22.13
849,-21.94
850,-21.72
851,-22.05
852,-23.37
853,-22.78
854,-21.87
855,-22.35
856,-22.42
857,-22.5
858,-24.17
859,-21.54
860,-22.76
861,-22.39
862,-21.68
863,-22.22
864,-22.31
865,-22.01
866,-22.26
867,-23.11
868,-22.63
869,-21.44
870,-22.21
871,-23.85
872,-22.89
873,-22.43
874,-23.37
875,-22.08
876,-21.48
877,-22.35
878,-22.27
879,-22.6
880,-22.99
881,-22.3
882,-21.76
883,-22.24
884,-21.81
885,-22.78
886,-22.41
887,-22.27
888,-22.88
889,-21.72
890,-21.76
891,-21.44
892,-23.12
893,-22.23
894,-21.77
895,-22.5
896,-21.87
897,-21.89
898,-21.96
899,-21.88
900,-23.39
901,-23.17
902,-22.95
903,-22.18
904,-21.65
905,-22.16
906,-22.78
907,-22.17
908,-22.72
909,-21.42
910,-22.83
911,-21.82
912,-21.28
913,-21.69
914,-21.98
915,-22.68
916,-20.51
917,-22.33
918,-21.23
919,-21.51
920,-22.06
921,-21.2
922,-21.9
923,-21.72
924,-22.74
925,-22.65
926,-22.05
927,-22.62
928,-22.99
929,-22.2
930,-21.79
931,-22.26
932,-23.19
933,-22.99
934,-21.7
935,-22.11
936,-22.57
937,-20.95
938,-21.17
939,-22.38
940,-21.65
941,-22.63
942,-21.85
943,-21.88
944,-23.11
945,-21.69
946,-21.28
947,-22.06
948,-23.08
949,-21.91
950,-22.66
951,-22.73
952,-22.16
953,-21.87
954,-22.74
955,-22.6
956,-21.32
957,-22.25
958,-22.57
959,-21.98
960,-22.45
961,-21.67
962,-22.91
963,-22.02
964,-22.43
965,-22.28
966,-22.5
967,-21.23
968,-22.14
969,-21.96
970,-21.34
971,-21.27
972,-22.1
973,-22.88
974,-21.83
975,-21.39
976,-22.86
977,-21.35
978,-20.62
979,-22.62
980,-20.87
981,-21.51
982,-23.15
983,-22.34
984,-22.36
985,-21.63
986,-22.37
987,-22.31
988,-22.34
989,-21.95
990,-21.95
991,-20.66
992,-22.74
993,-22.4
994,-21.56
995,-21.24
996,-21.03
997,-22.21
998,-22.4
999,-22.12
1000,-21.21
