1,-34.92
2,-34.27
3,-35.49
4,-34.67
5,-37.06
6,-36.31
7,-36.5
8,-35.41
9,-34.65
10,-35.08
11,-34.79
12,-33.97
13,-33.92
14,-35.21
15,-37.09
16,-36.36
17,-34.61
18,-34.42
19,-37.49
20,-32.28
21,-33.25
22,-31.83
23,-32.05
24,-31.83
25,-32.09
26,-31.6
27,-31.73
28,-32.62
29,-33.07
30,-34.01
31,-30.8
32,-31.25
33,-31.67
34,-30.98
35,-30.77
36,-31.23
37,-31.11
38,-32.48
39,-32.47
40,-30.74
41,-29.71
42,-31.47
43,-28.71
44,-29.8
45,-29.66
46,-31.5
47,-30.97
48,-27.67
49,-29.96
50,-29.27
51,-29.26
52,-28.89
53,-30.21
54,-29.29
55,-29.91
56,-29.08
57,-29.44
58,-29.7
59,-29.47
60,-28.36
61,-27.33
62,-28.5
63,-28.85
64,-29.74
65,-30.36
66,-28.69
67,-29.86
68,-28.13
69,-31.11
70,-27.26
71,-27.03
72,-28.77
73,-28.14
74,-28.31
75,-26.96
76,-28.46
77,-28.96
78,-27.85
79,-27.28
80,-27.79
81,-28.96
82,-28.07
83,-27.21
84,-27.15
85,-29.45
86,-28.26
87,-28.52
88,-26.5
89,-28.06
90,-26.34
91,-26.28
92,-29.85
93,-27.99
94,-27.08
95,-27.22
96,-28.44
97,-27.36
98,-29.04
99,-28.01
100,-26.8
101,-26.52
102,-25.55
103,-26.86
104,-26.52
105,-26.68
106,-27.95
107,-29.32
108,-27.03
109,-25.52
110,-27.35
111,-26.33
112,-26.57
113,-25.26
114,-25.86
115,-25.13
116,-26.85
117,-24.95
118,-25.54
119,-26.92
120,-25.58
121,-25.53
122,-25.21
123,-26.7
124,-24.65
125,-24.32
126,-24.49
127,-26.33
128,-25.95
129,-27.2
130,-28.54
131,-25.84
132,-25.81
133,-26.41
134,-27.32
135,-27.32
136,-26.2
137,-27.22
138,-24.67
139,-26.77
140,-25.39
141,-26.73
142,-25.41
143,-25.7
144,-24.84
145,-24.92
146,-26.29
147,-25.37
148,-25.16
149,-24.79
150,-23.41
151,-25.16
152,-24.86
153,-25.8
154,-24.52
155,-24.39
156,-23.52
157,-25.57
158,-25.11
159,-25.06
160,-24.4
161,-24.91
162,-26.22
163,-24.93
164,-24.59
165,-24.72
166,-25.3
167,-24.88
168,-23.98
169,-24.41
170,-25.44
171,-24.29
172,-24.92
173,-24.16
174,-24.63
175,-24.05
176,-24.99
177,-24.75
178,-24.74
179,-23.12
180,-23.79
181,-23.88
182,-23.02
183,-22.59
184,-24.11
185,-24.71
186,-23.15
187,-23.23
188,-23.63
189,-23.42
190,-25.16
191,-23.49
192,-23.8
193,-25.48
194,-24.57
195,-23.97
196,-25.22
197,-23.73
198,-24.01
199,-23.99
200,-24.23
201,-23.81
202,-24.21
203,-23.07
204,-25.34
205,-23.14
206,-23.88
207,-22.42
208,-22.54
209,-23.51
210,-24.4
211,-23.19
212,-24.01
213,-24.15
214,-23.94
215,-24.11
216,-23.93
217,-25.61
218,-24.22
219,-23.62
220,-24.07
221,-22.54
222,-22.53
223,-22.98
224,-23.3
225,-22.41
226,-22.8
227,-24.38
228,-22.89
229,-24.89
230,-23.94
231,-24.37
232,-23.13
233,-23.54
234,-23.68
235,-23.84
236,-22.93
237,-24.67
238,-25.35
239,-23.32
240,-24.66
241,-23.85
242,-23.55
243,-24.25
244,-23.23
245,-25.0
246,-24.77
247,-25.8
248,-24.63
249,-24.87
250,-25.14
251,-24.61
252,-24.63
253,-22.69
254,-23.68
255,-24.01
256,-22.45
257,-23.26
258,-23.21
259,-22.34
260,-23.16
261,-24.23
262,-23.26
263,-22.65
264,-22.28
265,-23.29
266,-22.95
267,-24.86
268,-24.26
269,-23.47
270,-23.25
271,-22.65
272,-22.37
273,-23.64
274,-22.8
275,-22.41
276,-23.76
277,-23.36
278,-23.84
279,-22.84
280,-22.42
281,-23.9
282,-22.07
283,-22.11
284,-23.26
285,-23.15
286,-23.43
287,-22.63
288,-23.12
289,-23.27
290,-22.74
291,-24.44
292,-23.17
293,-23.36
294,-23.94
295,-22.16
296,-22.31
297,-22.9
298,-22.35
299,-22.67
300,-22.37
301,-23.64
302,-23.25
303,-22.93
304,-22.98
305,-24.35
306,-22.72
307,-22.18
308,-23.51
309,-22.75
310,-22.56
311,-22.77
312,-23.43
313,-22.62
314,-22.47
315,-23.02
316,-22.82
317,-22.23
318,-22.36
319,-23.03
320,-23.34
321,-23.48
322,-23.14
323,-23.16
324,-24.02
325,-23.42
326,-22.61
327,-22.71
328,-22.21
329,-22.86
330,-22.88
331,-23.16
332,-21.8
333,-22.78
334,-22.79
335,-23.5
336,-22.42
337,-22.34
338,-22.61
339,-22.47
340,-22.79
341,-22.53
342,-22.94
343,-22.0
344,-22.24
345,-22.22
346,-22.21
347,-22.03
348,-22.97
349,-22.21
350,-22.88
351,-23.45
352,-22.44
353,-23.52
354,-22.37
355,-23.34
356,-22.6
357,-24.42
358,-23.37
359,-22.51
360,-23.19
361,-21.75
362,-22.31
363,-23.89
364,-22.22
365,-24.18
366,-22.67
367,-23.15
368,-22.87
369,-22.73
370,-22.96
371,-22.39
372,-22.53
373,-22.7
374,-22.26
375,-22.3
376,-23.3
377,-23.11
378,-24.11
379,-22.81
380,-23.09
381,-22.88
382,-22.01
383,-22.76
384,-22.77
385,-23.29
386,-22.63
387,-22.57
388,-22.75
389,-21.78
390,-22.87
391,-22.63
392,-22.25
393,-23.41
394,-21.85
395,-22.59
396,-23.17
397,-22.09
398,-22.38
399,-23.81
400,-23.18
401,-21.9
402,-23.84
403,-22.92
404,-21.6
405,-21.91
406,-23.12
407,-22.08
408,-22.21
409,-22.04
410,-22.44
411,-22.72
412,-23.84
413,-21.55
414,-22.83
415,-23.11
416,-22.7
417,-22.26
418,-21.51
419,-22.35
420,-21.5
421,-22.41
422,-22.43
423,-22.36
424,-22.63
425,-21.84
426,-22.17
427,-23.31
428,-22.92
429,-23.12
430,-22.47
431,-22.71
432,-22.43
433,-22.72
434,-22.21
435,-22.9
436,-22.38
437,-22.61
438,-21.81
439,-23.11
440,-22.82
441,-21.81
442,-22.54
443,-22.54
444,-23.52
445,-21.89
446,-23.76
447,-22.88
448,-23.05
449,-23.13
450,-22.02
451,-21.95
452,-22.69
453,-21.24
454,-22.31
455,-22.3
456,-23.56
457,-21.82
458,-22.4
459,-23.22
460,-22.9
461,-22.06
462,-21.67
463,-22.23
464,-21.74
465,-23.75
466,-22.07
467,-23.16
468,-21.63
469,-22.79
470,-22.27
471,-21.93
472,-20.49
473,-22.49
474,-22.21
475,-23.41
476,-23.05
477,-21.95
478,-23.73
479,-21.23
480,-22.51
481,-22.14
482,-22.31
483,-22.4
484,-22.45
485,-22.09
486,-21.88
487,-22.75
488,-22.88
489,-22.83
490,-21.58
491,-22.75
492,-22.39
493,-22.57
494,-22.71
495,-22.18
496,-21.86
497,-22.33
498,-22.23
499,-22.92
500,-21.69
501,-23.94
502,-22.29
503,-23.14
504,-23.46
505,-22.36
506,-22.84
507,-23.07
508,-22.79
509,-23.12
510,-21.46
511,-23.94
512,-22.85
513,-23.32
514,-22.31
515,-22.44
516,-21.77
517,-21.75
518,-22.79
519,-22.66
520,-22.48
521,-22.35
522,-23.26
523,-21.92
524,-22.97
525,-23.2
526,-23.08
527,-22.65
528,-22.9
529,-22.97
530,-22.8
531,-22.9
532,-21.89
533,-23.39
534,-22.14
535,-23.55
536,-22.77
537,-22.48
538,-22.79
539,-21.47
540,-22.31
541,-22.18
542,-22.33
543,-22.23
544,-22.61
545,-22.46
546,-22.21
547,-21.3
548,-21.54
549,-21.52
550,-22.53
551,-23.74
552,-21.66
553,-22.94
554,-21.73
555,-21.78
556,-22.31
557,-22.3
558,-23.77
559,-23.3
560,-22.31
561,-23.02
562,-22.1
563,-21.69
564,-22.21
565,-23.0
566,-21.64
567,-22.06
568,-21.53
569,-22.47
570,-21.53
571,-22.83
572,-22.02
573,-20.9
574,-22.03
575,-21.82
576,-22.5
577,-22.64
578,-22.7
579,-22.3
580,-22.97
581,-22.7
582,-22.95
583,-23.0
584,-21.13
585,-21.27
586,-21.38
587,-22.28
588,-20.47
589,-21.82
590,-22.75
591,-21.98
592,-23.08
593,-22.35
594,-22.27
595,-22.09
596,-21.71
597,-22.66
598,-22.18
599,-22.43
600,-22.69
601,-21.82
602,-22.7
603,-23.28
604,-22.93
605,-22.12
606,-23.48
607,-22.71
608,-22.25
609,-21.67
610,-22.47
611,-21.76
612,-23.11
613,-22.67
614,-22.69
615,-21.64
616,-22.88
617,-21.81
618,-21.03
619,-23.46
620,-22.49
621,-22.74
622,-22.11
623,-22.81
624,-22.12
625,-22.93
626,-21.92
627,-21.74
628,-22.66
629,-23.41
630,-22.18
631,-22.82
632,-22.81
633,-23.29
634,-22.34
635,-21.71
636,-21.95
637,-22.89
638,-22.17
639,-22.83
640,-22.78
641,-22.82
642,-22.68
643,-22.62
644,-23.0
645,-22.84
646,-22.59
647,-23.4
648,-21.85
649,-23.11
650,-22.41
651,-21.73
652,-22.2
653,-22.44
654,-22.2
655,-23.3
656,-23.22
657,-24.44
658,-23.24
659,-23.17
660,-23.25
661,-22.24
662,-22.19
663,-22.53
664,-22.78
665,-22.01
666,-22.88
667,-21.33
668,-22.81
669,-22.85
670,-23.27
671,-23.09
672,-21.29
673,-23.66
674,-23.43
675,-22.39
676,-21.51
677,-22.31
678,-22.05
679,-22.68
680,-21.88
681,-22.32
682,-22.84
683,-22.4
684,-22.34
685,-21.55
686,-22.51
687,-21.87
688,-23.22
689,-22.27
690,-22.81
691,-23.44
692,-22.83
693,-22.99
694,-23.1
695,-22.73
696,-22.21
697,-22.42
698,-23.64
699,-22.55
700,-21.83
701,-22.83
702,-21.62
703,-21.89
704,-22.14
705,-22.25
706,-22.9
707,-22.27
708,-23.25
709,-23.04
710,-22.67
711,-21.92
712,-22.39
713,-22.33
714,-23.39
715,-21.8
716,-21.71
717,-23.47
718,-22.07
719,-21.65
720,-21.31
721,-22.87
722,-21.78
723,-21.45
724,-21.91
725,-22.55
726,-22.17
727,-22.91
728,-22.88
729,-22.15
730,-22.34
731,-22.05
732,-21.84
733,-22.62
734,-21.81
735,-23.29
736,-21.34
737,-22.4
738,-21.67
739,-22.02
740,-21.44
741,-21.96
742,-22.16
743,-22.31
744,-22.02
745,-22.9
746,-23.09
747,-23.42
748,-21.46
749,-22.88
750,-22.25
751,-22.01
752,-22.06
753,-22.22
754,-23.19
755,-22.35
756,-22.18
757,-22.43
758,-22.43
759,-21.71
760,-22.57
761,-20.44
762,-23.11
763,-23.31
764,-22.06
765,-22.14
766,-22.76
767,-22.55
768,-23.87
769,-22.88
770,-22.68
771,-22.31
772,-22.46
773,-22.81
774,-21.29
775,-22.32
776,-22.05
777,-22.83
778,-23.24
779,-21.52
780,-22.61
781,-22.97
782,-22.1
783,-21.92
784,-22.25
785,-23.55
786,-21.35
787,-21.71
788,-22.62
789,-22.17
790,-22.45
791,-22.86
792,-22.23
793,-21.73
794,-22.39
795,-22.04
796,-22.5
797,-21.39
798,-23.83
799,-22.69
800,-22.41
801,-22.2
802,-22.69
803,-22.55
804,-22.59
805,-22.44
806,-22.22
807,-22.56
808,-22.38
809,-22.52
810,-21.15
811,-22.44
812,-22.92
813,-23.34
814,-23.2
815,-22.61
816,-23.1
817,-22.59
818,-23.04
819,-22.37
820,-22.56
821,-22.73
822,-22.06
823,-22.53
824,-23.43
825,-21.77
826,-21.12
827,-23.39
828,-21.33
829,-22.72
830,-21.8
831,-22.92
832,-23.33
833,-21.73
834,-22.25
835,-22.97
836,-21.99
837,-22.69
838,-21.7
839,-22.57
840,-22.66
841,-23.06
842,-23.52
843,-22.77
844,-22.47
845,-23.29
846,-23.61
847,-21.96
848,-22.67
849,-22.6
850,-21.95
851,-20.66
852,-20.9
853,-21.94
854,-22.64
855,-22.25
856,-21.61
857,-21.76
858,-22.33
859,-22.93
860,-22.03
861,-22.28
862,-22.0
863,-22.36
864,-21.84
865,-23.07
866,-23.13
867,-22.85
868,-21.48
869,-22.23
870,-21.96
871,-22.08
872,-21.84
873,-22.77
874,-21.3
875,-22.64
876,-22.65
877,-21.91
878,-23.63
879,-22.2
880,-22.23
881,-21.56
882,-21.99
883,-22.26
884,-21.35
885,-21.75
886,-22.86
887,-22.77
888,-22.33
889,-21.54
890,-22.4
891,-21.45
892,-22.2
893,-21.09
894,-23.82
895,-22.29
896,-21.78
897,-22.15
898,-22.17
899,-22.03
900,-22.32
901,-22.51
902,-21.67
903,-22.0
904,-22.01
905,-23.16
906,-21.69
907,-21.93
908,-22.27
909,-22.48
910,-23.27
911,-21.83
912,-21.53
913,-21.5
914,-22.58
915,-22.79
916,-21.66
917,-22.54
918,-21.99
919,-22.21
920,-22.34
921,-21.32
922,-22.24
923,-22.17
924,-21.64
925,-21.61
926,-21.66
927,-22.66
928,-21.75
929,-22.02
930,-22.09
931,-22.9
932,-21.94
933,-21.78
934,-22.2
935,-21.97
936,-21.16
937,-22.3
938,-21.67
939,-23.03
940,-23.16
941,-21.51
942,-21.63
943,-21.86
944,-21.81
945,-21.97
946,-21.06
947,-21.0
948,-21.49
949,-22.27
950,-21.71
951,-21.81
952,-21.52
953,-20.85
954,-21.68
955,-21.75
956,-22.75
957,-21.39
958,-21.73
959,-21.84
960,-21.93
961,-22.03
962,-21.71
963,-22.19
964,-22.5
965,-21.6
966,-22.27
967,-20.72
968,-21.67
969,-22.07
970,-22.25
971,-22.22
972,-22.06
973,-21.55
974,-20.79
975,-20.85
976,-21.91
977,-22.04
978,-23.23
979,-20.91
980,-21.35
981,-22.11
982,-21.37
983,-22.2
984,-21.68
985,-22.09
986,-21.88
987,-21.55
988,-21.91
989,-21.52
990,-21.35
991,-22.35
992,-22.57
993,-21.8
994,-21.25
995,-21.41
996,-21.82
997,-22.08
998,-21.06
999,-22.03
1000,-22.05
