1,-35.76
2,-35.25
3,-38.04
4,-35.46
5,-39.08
6,-37.88
7,-38.28
8,-37.34
9,-36.92
10,-34.51
11,-34.64
12,-35.81
13,-37.07
14,-36.85
15,-34.7
16,-37.22
17,-36.2
18,-35.27
19,-38.48
20,-38.54
21,-36.65
22,-36.9
23,-35.4
24,-36.69
25,-39.25
26,-37.75
27,-36.27
28,-38.62
29,-41.96
30,-37.84
31,-37.05
32,-38.46
33,-36.3
34,-38.02
35,-39.54
36,-38.32
37,-38.93
38,-38.24
39,-40.65
40,-38.97
41,-39.52
42,-37.56
43,-40.74
44,-39.64
45,-39.41
46,-37.68
47,-38.66
48,-38.41
49,-34.89
50,-36.38
51,-37.19
52,-35.92
53,-38.14
54,-36.43
55,-37.72
56,-41.25
57,-35.27
58,-37.72
59,-43.19
60,-40.07
61,-38.5
62,-39.65
63,-39.11
64,-37.37
65,-37.85
66,-36.76
67,-41.13
68,-38.77
69,-37.58
70,-37.45
71,-37.12
72,-37.51
73,-40.45
74,-38.32
75,-40.52
76,-40.74
77,-37.64
78,-37.48
79,-38.42
80,-38.07
81,-37.37
82,-36.21
83,-37.66
84,-38.45
85,-40.12
86,-39.21
87,-35.26
88,-36.7
89,-41.27
90,-36.55
91,-37.78
92,-37.55
93,-36.39
94,-36.11
95,-34.54
96,-36.3
97,-34.25
98,-34.35
99,-36.24
100,-40.05
101,-35.94
102,-35.06
103,-37.52
104,-36.36
105,-33.54
106,-35.03
107,-35.55
108,-35.32
109,-41.29
110,-37.18
111,-35.14
112,-35.98
113,-38.32
114,-37.57
115,-37.74
116,-36.61
117,-40.19
118,-38.3
119,-36.39
120,-37.71
121,-35.85
122,-36.76
123,-35.25
124,-40.11
125,-36.26
126,-35.87
127,-37.36
128,-37.51
129,-40.23
130,-37.88
131,-38.49
132,-39.45
133,-39.06
134,-37.18
135,-34.22
136,-39.02
137,-38.09
138,-37.13
139,-42.57
140,-34.44
141,-37.09
142,-36.93
143,-39.69
144,-38.82
145,-37.09
146,-33.49
147,-35.8
148,-38.74
149,-37.44
150,-36.82
151,-37.36
152,-34.74
153,-37.95
154,-37.77
155,-36.93
156,-36.69
157,-39.6
158,-35.1
159,-39.14
160,-38.7
161,-34.44
162,-35.2
163,-35.68
164,-36.61
165,-34.22
166,-32.84
167,-36.21
168,-34.92
169,-37.14
170,-34.3
171,-37.39
172,-34.92
173,-34.35
174,-35.99
175,-35.76
176,-36.53
177,-36.59
178,-34.64
179,-33.96
180,-36.44
181,-31.95
182,-37.81
183,-34.05
184,-35.97
185,-35.33
186,-34.81
187,-34.92
188,-38.93
189,-35.42
190,-34.76
191,-35.33
192,-35.3
193,-35.62
194,-36.46
195,-34.78
196,-35.43
197,-33.76
198,-33.47
199,-37.03
200,-36.96
201,-35.62
202,-31.12
203,-37.11
204,-33.18
205,-34.56
206,-34.99
207,-35.09
208,-35.63
209,-32.93
210,-31.32
211,-34.28
212,-34.07
213,-33.33
214,-33.46
215,-38.38
216,-34.92
217,-37.16
218,-34.58
219,-34.05
220,-32.88
221,-36.47
222,-34.57
223,-34.94
224,-37.62
225,-34.36
226,-32.85
227,-34.84
228,-37.67
229,-31.87
230,-36.13
231,-33.06
232,-34.31
233,-34.96
234,-34.28
235,-31.72
236,-31.5
237,-34.85
238,-33.32
239,-34.47
240,-35.48
241,-34.39
242,-35.72
243,-32.95
244,-33.66
245,-33.85
246,-33.92
247,-34.01
248,-31.48
249,-35.23
250,-33.62
251,-34.0
252,-34.28
253,-32.06
254,-30.94
255,-32.84
256,-32.76
257,-31.31
258,-33.11
259,-32.15
260,-34.09
261,-31.68
262,-32.57
263,-34.49
264,-31.0
265,-33.29
266,-32.01
267,-33.12
268,-33.17
269,-29.29
270,-32.94
271,-31.36
272,-31.54
273,-31.76
274,-31.92
275,-31.33
276,-32.62
277,-31.4
278,-33.13
279,-30.03
280,-32.36
281,-30.72
282,-31.97
283,-30.83
284,-32.45
285,-31.05
286,-28.62
287,-31.92
288,-28.55
289,-30.31
290,-31.63
291,-31.76
292,-32.34
293,-31.88
294,-31.6
295,-32.36
296,-28.55
297,-29.5
298,-30.13
299,-28.78
300,-29.5
301,-29.71
302,-33.08
303,-29.57
304,-31.82
305,-28.65
306,-30.63
307,-31.82
308,-28.04
309,-28.46
310,-32.93
311,-28.79
312,-30.9
313,-30.63
314,-29.34
315,-29.45
316,-28.97
317,-29.92
318,-30.32
319,-28.22
320,-30.95
321,-28.53
322,-28.19
323,-29.25
324,-28.77
325,-28.1
326,-29.03
327,-29.34
328,-28.46
329,-29.55
330,-29.66
331,-29.1
332,-27.24
333,-30.49
334,-31.5
335,-28.12
336,-28.46
337,-27.92
338,-28.14
339,-28.25
340,-27.71
341,-28.46
342,-27.15
343,-27.96
344,-26.79
345,-28.14
346,-26.54
347,-28.17
348,-27.66
349,-28.06
350,-27.18
351,-26.84
352,-27.77
353,-26.8
354,-28.52
355,-26.54
356,-27.89
357,-27.23
358,-28.33
359,-27.35
360,-27.11
361,-27.79
362,-28.78
363,-29.18
364,-25.44
365,-27.7
366,-26.42
367,-25.88
368,-26.56
369,-27.89
370,-27.73
371,-28.24
372,-28.37
373,-25.79
374,-27.06
375,-25.69
376,-28.19
377,-25.71
378,-29.85
379,-27.38
380,-27.68
381,-28.95
382,-26.06
383,-27.77
384,-26.35
385,-25.53
386,-27.37
387,-26.94
388,-25.97
389,-28.03
390,-26.65
391,-28.29
392,-27.88
393,-27.89
394,-27.41
395,-25.06
396,-25.86
397,-27.47
398,-26.79
399,-25.25
400,-25.9
401,-28.03
402,-26.95
403,-26.33
404,-26.13
405,-27.5
406,-25.11
407,-25.51
408,-28.66
409,-26.84
410,-29.35
411,-27.74
412,-25.53
413,-27.56
414,-26.01
415,-26.8
416,-27.25
417,-27.72
418,-27.25
419,-25.71
420,-25.55
421,-26.52
422,-27.05
423,-26.35
424,-27.09
425,-25.95
426,-26.38
427,-26.46
428,-26.8
429,-27.88
430,-28.82
431,-27.64
432,-28.31
433,-27.45
434,-24.44
435,-26.16
436,-25.08
437,-23.76
438,-24.63
439,-23.74
440,-25.7
441,-26.41
442,-25.43
443,-25.97
444,-24.93
445,-27.75
446,-26.5
447,-26.41
448,-25.42
449,-25.47
450,-25.86
451,-25.6
452,-25.68
453,-26.61
454,-24.94
455,-25.76
456,-24.94
457,-25.91
458,-25.38
459,-26.09
460,-24.69
461,-25.14
462,-24.3
463,-25.87
464,-25.77
465,-25.01
466,-25.85
467,-24.66
468,-22.66
469,-24.59
470,-25.8
471,-25.2
472,-24.49
473,-26.21
474,-23.39
475,-24.34
476,-25.14
477,-24.63
478,-25.87
479,-25.34
480,-23.07
481,-25.04
482,-25.23
483,-25.96
484,-24.65
485,-25.34
486,-23.49
487,-24.07
488,-25.07
489,-23.7
490,-24.17
491,-23.33
492,-24.17
493,-25.63
494,-24.87
495,-24.9
496,-24.41
497,-24.31
498,-22.72
499,-23.7
500,-25.41
501,-23.8
502,-23.43
503,-24.47
504,-23.9
505,-24.36
506,-23.2
507,-22.02
508,-23.19
509,-23.15
510,-23.23
511,-23.2
512,-22.17
513,-24.55
514,-23.98
515,-23.4
516,-22.98
517,-23.02
518,-22.45
519,-23.33
520,-23.01
521,-23.54
522,-25.04
523,-24.11
524,-23.87
525,-22.67
526,-22.78
527,-23.22
528,-23.65
529,-24.03
530,-24.5
531,-23.26
532,-23.51
533,-23.38
534,-23.74
535,-24.73
536,-22.94
537,-24.38
538,-23.1
539,-23.23
540,-22.82
541,-22.46
542,-24.13
543,-24.03
544,-21.68
545,-24.68
546,-22.89
547,-22.77
548,-22.9
549,-23.83
550,-23.21
551,-22.76
552,-24.17
553,-23.21
554,-22.91
555,-22.58
556,-22.52
557,-22.75
558,-22.05
559,-23.18
560,-21.77
561,-23.53
562,-23.58
563,-22.15
564,-22.98
565,-24.11
566,-23.41
567,-22.72
568,-23.17
569,-22.02
570,-23.0
571,-22.63
572,-22.76
573,-22.72
574,-22.7
575,-22.96
576,-23.65
577,-22.53
578,-22.16
579,-22.58
580,-22.46
581,-22.51
582,-22.86
583,-21.94
584,-22.28
585,-22.01
586,-23.07
587,-22.62
588,-24.12
589,-22.54
590,-23.29
591,-22.19
592,-22.23
593,-22.59
594,-22.72
595,-22.56
596,-22.8
597,-22.36
598,-22.15
599,-23.3
600,-24.64
601,-21.88
602,-22.69
603,-22.55
604,-22.46
605,-22.73
606,-22.67
607,-21.88
608,-23.23
609,-21.77
610,-23.16
611,-22.28
612,-23.47
613,-21.9
614,-22.48
615,-22.2
616,-22.03
617,-22.33
618,-23.96
619,-22.67
620,-23.34
621,-22.18
622,-21.19
623,-21.57
624,-21.8
625,-21.53
626,-23.15
627,-22.34
628,-23.11
629,-21.61
630,-22.25
631,-21.58
632,-22.84
633,-22.53
634,-23.38
635,-22.67
636,-21.85
637,-21.49
638,-21.81
639,-22.34
640,-22.15
641,-22.47
642,-22.31
643,-23.68
644,-21.55
645,-21.47
646,-22.85
647,-22.37
648,-22.49
649,-22.44
650,-21.77
651,-21.54
652,-22.33
653,-22.29
654,-22.87
655,-22.22
656,-22.11
657,-22.22
658,-22.69
659,-24.33
660,-22.23
661,-22.78
662,-22.98
663,-22.31
664,-22.07
665,-22.85
666,-22.95
667,-22.27
668,-22.96
669,-22.32
670,-22.72
671,-22.72
672,-22.43
673,-23.48
674,-22.24
675,-22.55
676,-22.33
677,-22.02
678,-21.93
679,-21.77
680,-22.66
681,-22.32
682,-21.44
683,-22.42
684,-22.11
685,-23.5
686,-21.98
687,-21.35
688,-21.71
689,-21.69
690,-22.77
691,-22.09
692,-22.02
693,-21.99
694,-22.46
695,-22.09
696,-22.52
697,-22.43
698,-21.19
699,-22.93
700,-21.91
701,-21.37
702,-21.93
703,-21.26
704,-21.74
705,-22.38
706,-21.92
707,-21.77
708,-21.19
709,-22.36
710,-21.91
711,-21.09
712,-21.65
713,-22.86
714,-21.48
715,-21.8
716,-21.97
717,-22.06
718,-21.36
719,-22.69
720,-22.12
721,-21.69
722,-21.47
723,-22.28
724,-22.57
725,-21.48
726,-22.7
727,-22.53
728,-21.88
729,-21.34
730,-22.59
731,-22.15
732,-21.27
733,-22.13
734,-22.72
735,-21.27
736,-21.51
737,-22.51
738,-22.18
739,-22.11
740,-21.27
741,-22.63
742,-22.34
743,-22.03
744,-20.84
745,-21.77
746,-21.6
747,-22.29
748,-21.26
749,-21.58
750,-21.5
751,-21.82
752,-22.37
753,-21.63
754,-21.95
755,-22.14
756,-21.22
757,-21.79
758,-21.56
759,-21.53
760,-21.89
761,-21.0
762,-21.75
763,-21.76
764,-22.09
765,-20.91
766,-22.01
767,-21.59
768,-21.33
769,-21.38
770,-21.12
771,-21.68
772,-21.38
773,-22.36
774,-21.45
775,-22.14
776,-21.46
777,-21.93
778,-20.84
779,-22.29
780,-21.11
781,-21.23
782,-20.93
783,-22.11
784,-21.93
785,-21.74
786,-21.57
787,-21.52
788,-21.64
789,-21.17
790,-21.92
791,-22.35
792,-21.64
793,-22.6
794,-21.53
795,-21.65
796,-22.33
797,-21.16
798,-22.38
799,-21.76
800,-21.7
801,-22.43
802,-21.49
803,-21.95
804,-21.53
805,-22.4
806,-22.07
807,-22.3
808,-22.12
809,-21.28
810,-22.39
811,-22.24
812,-22.01
813,-21.64
814,-21.68
815,-21.72
816,-21.57
817,-22.68
818,-21.45
819,-22.17
820,-22.47
821,-21.01
822,-22.02
823,-20.56
824,-21.83
825,-21.8
826,-22.28
827,-22.43
828,-22.86
829,-21.38
830,-21.7
831,-22.08
832,-21.76
833,-21.47
834,-22.4
835,-20.96
836,-22.04
837,-20.44
838,-23.11
839,-21.6
840,-21.85
841,-21.81
842,-21.87
843,-21.5
844,-22.38
845,-21.93
846,-21.82
847,-21.22
848,-20.64
849,-20.89
850,-21.83
851,-22.22
852,-21.49
853,-21.95
854,-21.83
855,-21.42
856,-20.68
857,-21.83
858,-22.11
859,-21.52
860,-21.66
861,-21.48
862,-21.56
863,-21.91
864,-20.64
865,-21.86
866,-21.81
867,-21.86
868,-21.16
869,-21.54
870,-21.32
871,-21.77
872,-21.74
873,-21.81
874,-21.56
875,-22.06
876,-21.48
877,-21.48
878,-21.58
879,-21.09
880,-22.16
881,-22.02
882,-21.85
883,-21.69
884,-21.49
885,-21.4
886,-21.71
887,-21.31
888,-21.38
889,-21.04
890,-21.82
891,-21.27
892,-21.9
893,-22.24
894,-21.19
895,-21.5
896,-20.73
897,-20.84
898,-20.94
899,-20.65
900,-20.82
901,-22.46
902,-20.95
903,-21.44
904,-21.28
905,-21.01
906,-22.96
907,-20.29
908,-20.61
909,-21.99
910,-20.72
911,-21.82
912,-21.72
913,-21.52
914,-20.64
915,-22.52
916,-21.17
917,-21.09
918,-22.14
919,-21.34
920,-21.63
921,-21.89
922,-21.06
923,-21.34
924,-20.75
925,-21.54
926,-22.28
927,-21.53
928,-21.55
929,-21.22
930,-22.21
931,-22.02
932,-21.95
933,-20.75
934,-21.7
935,-21.57
936,-21.92
937,-21.83
938,-22.17
939,-21.29
940,-22.05
941,-20.86
942,-20.37
943,-22.02
944,-20.79
945,-21.95
946,-20.59
947,-21.37
948,-20.87
949,-22.08
950,-21.05
951,-21.46
952,-20.84
953,-21.46
954,-21.27
955,-22.07
956,-22.5
957,-20.99
958,-20.44
959,-21.86
960,-21.02
961,-21.36
962,-21.72
963,-21.59
964,-20.78
965,-22.21
966,-21.71
967,-22.58
968,-21.77
969,-21.65
970,-21.45
971,-21.77
972,-21.85
973,-21.26
974,-20.64
975,-21.07
976,-21.61
977,-21.48
978,-21.59
979,-20.7
980,-21.79
981,-22.56
982,-21.26
983,-20.93
984,-21.22
985,-20.59
986,-21.34
987,-21.58
988,-21.47
989,-21.31
990,-20.84
991,-21.79
992,-21.27
993,-21.48
994,-21.91
995,-20.8
996,-21.7
997,-21.05
998,-21.21
999,-21.52
1000,-20.72
