10 3
  9336 1 5 14 1 0 12
  -4819 6 5 3 7 5 1
  -4855 3 16 1 6 7 2
  10016 3 1 1 1 3 0
  -7995 2 2 2 1 1 0
  -14496 12 8 0 1 17 0
  -344 1 16 3 0 1 0
  -6473 2 13 0 3 1 0
  13424 5 7 7 5 0 9
  13362 7 0 12 4 3 2
10 3
  -2379 3 4 11 3 6 2
  3961 1 9 7 0 0 11
  6932 0 4 11 1 2 7
  -14810 6 4 7 0 1 1
  -8102 13 5 0 4 4 8
  -2646 1 6 12 0 8 1
  -12807 2 12 1 5 5 3
  2180 6 3 3 1 1 0
  6807 2 5 5 2 2 3
  10251 7 4 1 5 1 0
10 3
  6368 9 4 6 1 3 4
  -4579 8 3 6 0 7 6
  13209 9 9 0 2 0 1
  -3413 0 11 6 5 6 0
  -9532 6 3 1 0 0 1
  15167 0 5 15 1 2 1
  12032 7 9 1 0 0 1
  -5903 4 10 0 2 4 2
  -1903 12 0 2 0 3 0
  15226 2 0 0 1 0 0
10 3
  1626 7 8 3 0 1 4
  14239 0 4 13 3 0 3
  -3967 4 6 8 3 8 4
  -12122 0 0 6 0 0 2
  -1541 1 4 2 1 0 0
  7340 0 13 5 4 3 2
  -15102 2 7 10 6 1 6
  12273 6 1 3 4 0 0
  15040 6 1 10 5 2 1
  6209 3 0 16 1 1 4
10 3
  3461 0 5 10 0 10 1
  -9077 0 3 9 2 0 4
  9622 4 3 3 4 1 0
  -2788 1 0 17 5 3 9
  -1812 6 6 4 0 1 6
  -11013 3 5 10 2 7 0
  -1195 15 0 2 1 0 0
  -629 9 3 1 2 1 9
  -14462 11 6 0 10 0 3
  -15032 3 0 2 1 1 0
10 3
  -5456 11 3 3 8 2 2
  -2945 13 3 1 0 0 1
  -7284 0 10 5 4 6 3
  13648 0 5 8 3 3 5
  8924 4 8 0 1 1 3
  7539 10 1 1 0 6 2
  6999 6 12 2 5 14 0
  5762 12 0 4 2 12 0
  1192 10 6 1 1 1 2
  -5111 0 5 2 0 3 3
10 3
  3415 1 4 11 4 1 10
  -2723 3 0 7 8 0 0
  -118 0 7 11 0 1 0
  -3254 0 8 5 2 5 1
  7258 0 6 12 11 1 4
  3439 9 3 0 2 3 7
  14201 11 0 2 0 5 6
  -9821 3 8 1 1 0 3
  -13847 0 3 1 2 0 0
  7040 14 3 0 0 0 3
10 3
  -5934 0 0 6 0 1 0
  7608 4 8 1 0 3 3
  -1764 1 0 8 2 0 0
  13818 1 3 10 1 1 8
  -14260 5 3 2 2 1 4
  -2396 0 8 4 0 1 0
  14364 7 0 7 8 0 2
  -1354 15 0 1 1 0 0
  -4535 17 1 1 3 3 5
  -9048 2 9 5 1 1 3
10 3
  -10113 0 6 1 0 0 4
  3665 10 7 2 3 1 1
  -4571 7 9 0 2 5 4
  10647 3 2 14 4 4 3
  13583 1 11 8 1 0 0
  -15911 16 0 1 1 2 2
  1345 1 1 1 0 2 0
  13262 2 5 10 0 4 1
  3943 1 5 3 2 4 0
  7859 3 1 11 1 1 1
10 3
  7331 4 7 1 1 1 0
  -2680 9 9 0 5 3 5
  2158 7 5 0 1 9 2
  -13476 5 4 1 0 0 2
  6250 1 6 7 3 2 0
  11068 5 2 3 5 4 0
  8019 4 1 13 2 2 4
  -2263 0 2 0 0 1 1
  13739 0 7 12 4 0 11
  6345 2 2 0 1 1 2
10 3
  -4382 3 12 1 0 0 1
  15313 10 3 0 0 2 0
  12805 10 4 3 7 2 5
  503 9 1 4 1 0 3
  -12750 0 3 12 3 1 8
  -15214 4 3 10 1 4 0
  15536 9 10 0 0 2 0
  -4865 3 3 11 4 0 0
  -7786 6 2 0 0 6 2
  -1843 8 2 3 4 1 2
10 3
  -1467 12 6 2 0 4 4
  10445 0 17 0 0 5 4
  6340 3 14 0 0 2 4
  -7266 0 17 3 3 0 13
  -9488 3 3 1 0 0 1
  1608 12 0 5 2 2 6
  15798 8 5 0 4 1 2
  9609 1 1 0 0 1 0
  9095 12 5 2 0 0 10
  -12508 11 1 7 7 1 4
10 3
  5882 0 2 17 9 2 6
  -14602 10 0 1 0 0 1
  -253 3 3 0 1 3 1
  -9671 0 1 0 0 0 1
  -2536 4 6 5 3 1 1
  777 3 1 3 0 0 6
  14932 4 1 3 3 1 2
  9224 0 13 3 0 2 1
  3679 2 6 4 1 0 4
  -6315 1 6 4 2 2 2
10 3
  10420 8 2 1 1 0 0
  13820 5 4 5 1 2 11
  5488 2 4 3 0 7 0
  -6802 1 6 5 2 0 3
  -299 1 1 8 0 2 1
  -2337 5 3 9 9 1 0
  -15881 0 3 8 3 1 3
  15868 0 2 13 2 2 6
  11332 1 3 5 1 4 3
  12295 4 4 2 2 1 0
10 3
  3111 11 0 0 8 0 1
  11598 12 0 6 3 5 2
  2387 3 1 1 1 0 0
  8578 1 4 13 4 0 4
  14353 3 0 14 0 4 2
  -13654 11 1 1 4 0 3
  9871 6 10 4 0 3 11
  5915 6 4 8 3 3 0
  -12157 9 5 5 10 3 0
  14333 0 10 6 5 0 3
10 3
  -15402 0 3 0 1 0 0
  9530 4 0 13 6 3 0
  -2821 7 7 3 2 1 5
  -7001 6 2 6 1 1 7
  -3505 0 20 0 3 16 0
  -13011 6 1 10 0 3 10
  -1317 5 12 1 3 0 0
  -4631 11 4 0 2 1 4
  -11728 3 2 0 0 0 1
  15909 2 6 7 6 2 1
10 3
  3898 0 1 2 0 1 0
  -6992 4 0 1 0 1 0
  -15820 1 5 4 1 0 3
  -3221 0 13 1 9 1 0
  -9996 11 4 4 0 1 1
  6733 1 2 9 4 0 4
  -6458 5 3 8 2 0 0
  3090 2 12 5 3 2 5
  -2040 9 7 0 1 0 4
  -1630 2 2 0 0 0 1
10 3
  8803 1 11 6 5 7 2
  -2872 2 5 9 0 6 1
  10039 6 6 1 4 5 3
  -10512 0 19 1 2 2 11
  -15183 13 5 0 7 3 1
  -12821 7 0 13 0 0 1
  -12138 0 8 1 0 4 3
  -12090 0 11 6 3 0 1
  -5028 8 0 8 0 14 1
  12606 5 6 0 7 1 1
10 3
  -8948 4 8 1 0 0 1
  12356 5 4 2 0 7 0
  1754 1 4 5 2 0 0
  -12640 0 5 6 5 0 3
  3887 0 8 7 1 2 7
  -15850 8 2 4 1 7 2
  1016 5 5 0 3 3 4
  -5241 10 3 0 0 0 10
  -5587 5 7 5 5 3 6
  1333 7 1 8 2 0 7
10 3
  1114 0 12 1 6 0 0
  -4487 1 5 3 0 1 0
  14310 3 7 2 1 2 9
  -1865 2 8 2 2 0 0
  12538 2 2 2 1 0 0
  14240 0 7 7 0 0 1
  -8202 1 11 2 2 0 1
  6885 4 12 2 1 2 3
  -12689 5 2 1 0 2 2
  -10988 13 5 1 1 11 3
10 3
  4254 12 1 6 7 3 5
  5618 5 0 0 0 0 3
  15142 0 4 1 0 1 1
  11530 1 0 6 2 1 0
  9557 1 1 1 2 0 0
  -6957 1 1 3 0 1 0
  -3101 1 7 4 1 4 1
  15884 8 11 0 13 1 4
  -1431 3 14 2 7 3 4
  -15581 0 6 2 2 0 0
10 3
  15432 1 3 1 0 0 1
  -2299 6 6 1 2 4 1
  11844 5 4 0 2 1 0
  13050 1 13 4 9 1 0
  15087 0 0 15 3 5 4
  15466 0 0 15 4 1 1
  -13303 2 8 9 4 4 0
  -4301 16 3 1 1 8 0
  -630 2 6 7 0 2 5
  -4582 3 8 5 3 3 10
10 3
  -3602 0 5 2 5 0 0
  -3126 7 9 0 1 6 8
  -4645 6 4 4 9 2 0
  3364 17 0 2 1 3 13
  60 2 10 6 0 0 1
  -3987 1 3 4 0 1 0
  -15443 0 1 5 1 0 1
  -6728 2 3 14 1 3 10
  -1879 4 5 1 1 4 0
  -4329 1 0 15 4 1 8
10 3
  -3610 0 3 7 0 0 1
  -6295 0 18 1 2 1 0
  -8469 3 3 13 13 1 2
  12102 3 15 1 8 1 1
  5239 6 0 5 1 0 0
  -4351 10 7 2 3 2 7
  7125 14 0 3 9 0 1
  12551 15 2 3 3 0 8
  4764 8 0 10 0 2 0
  -903 0 7 5 0 1 4
10 3
  8466 0 2 6 0 3 0
  9585 1 3 6 3 1 1
  15204 3 14 3 3 6 3
  4960 6 1 1 3 0 5
  -3762 1 4 7 2 0 1
  15397 1 2 13 9 1 3
  -12265 9 0 10 7 6 0
  -13743 5 12 1 0 1 0
  -12771 3 3 14 1 0 7
  933 6 1 4 1 0 2
10 3
  -5247 3 2 11 13 0 2
  -7968 0 8 0 2 2 2
  -3736 0 4 7 2 3 2
  9375 6 3 0 1 0 4
  -6755 2 1 7 0 0 1
  -3948 0 14 4 5 3 1
  4345 2 0 2 2 0 1
  -1722 1 5 4 2 0 0
  -3298 5 2 4 0 0 4
  -5234 15 0 0 0 2 0
10 3
  5571 6 1 13 1 1 0
  496 1 9 6 11 1 2
  -3658 2 9 9 0 1 5
  -12265 10 9 0 3 0 1
  -15592 0 1 14 0 0 5
  11656 6 7 3 0 2 5
  916 9 6 3 2 0 2
  -12313 0 0 2 0 0 1
  10738 1 8 10 2 4 2
  -11608 9 2 5 0 11 0
10 3
  -5747 0 9 9 0 0 5
  1803 1 5 8 12 0 0
  -563 1 9 9 0 0 4
  15059 4 10 0 10 1 0
  -11508 8 10 1 0 1 0
  -1487 3 2 10 0 5 4
  4945 7 11 0 2 5 5
  -6861 3 6 2 0 1 7
  9030 7 6 0 0 0 1
  2009 2 12 1 1 1 7
10 3
  4211 0 0 13 0 4 5
  7918 0 8 1 1 0 1
  -3861 5 9 0 12 0 2
  -14695 1 0 5 4 0 1
  13308 3 12 0 3 5 0
  -12047 7 6 2 4 0 3
  9827 7 5 5 1 1 1
  -6340 4 2 0 1 1 0
  6874 1 3 3 1 0 0
  8644 1 2 15 4 2 3
10 3
  -5568 5 0 9 6 3 0
  -3806 1 3 15 0 0 4
  12962 2 0 8 4 5 0
  -14326 7 0 9 0 3 8
  -1432 1 15 1 0 7 9
  5275 0 15 1 3 1 2
  5724 3 1 0 2 0 0
  666 7 2 11 6 11 0
  6078 7 1 0 5 3 0
  14248 0 9 2 0 2 0
10 3
  -14852 2 4 8 1 4 1
  9009 3 5 4 4 4 1
  8781 2 0 9 5 3 0
  12402 6 8 0 4 7 1
  -1988 3 8 4 1 3 9
  3245 8 7 4 16 0 0
  5467 0 7 13 1 0 0
  -9900 6 8 0 0 6 6
  7618 1 3 4 1 0 0
  8443 0 19 0 7 2 3
10 3
  13344 4 2 2 0 2 3
  -14851 3 1 4 0 2 1
  -14213 0 13 0 0 0 1
  -8455 1 1 9 4 2 0
  15822 2 0 10 1 1 9
  -2158 0 1 17 1 13 2
  15266 0 1 16 0 0 1
  -6530 8 3 9 0 4 7
  -2234 9 2 2 1 7 1
  11595 5 7 8 2 1 1
10 3
  2072 13 4 1 0 3 3
  8628 8 3 0 0 6 1
  8885 2 9 1 0 0 2
  7310 2 0 9 7 0 0
  7940 2 5 2 0 4 0
  14234 1 14 2 0 12 0
  -13126 4 7 0 4 5 0
  -4060 5 3 0 1 0 0
  1858 1 8 11 5 9 0
  8498 14 0 2 6 5 0
10 3
  -3982 3 3 12 4 7 6
  -6255 9 1 8 7 0 3
  -5040 8 4 7 0 1 1
  10365 0 8 2 1 1 0
  -1416 3 4 1 1 6 1
  -12260 1 2 4 0 0 1
  -13264 1 14 3 1 5 8
  -13414 11 8 0 0 0 1
  -8420 0 12 0 4 5 0
  -3936 5 0 6 1 0 0
10 3
  -10906 2 7 5 3 4 1
  13632 6 5 7 12 4 1
  237 2 10 7 0 2 9
  1022 5 8 3 0 0 5
  9672 10 3 0 3 1 0
  11346 1 0 16 0 1 0
  13593 8 11 0 3 1 4
  6593 10 6 2 0 1 1
  -14259 12 2 5 2 6 2
  -2680 2 16 1 5 0 3
10 3
  14763 6 6 2 2 3 7
  -3306 11 6 3 10 4 1
  -14389 10 3 7 10 0 10
  -7731 3 1 4 2 0 1
  574 1 18 0 1 5 1
  9099 1 2 2 0 0 2
  -14633 2 14 4 7 3 2
  65 2 4 0 0 1 5
  3093 7 11 1 1 0 0
  -15953 0 14 1 1 3 6
10 3
  3482 2 1 7 3 3 0
  3423 5 1 4 0 1 5
  11961 5 0 8 0 2 11
  -4982 2 5 0 0 4 0
  5881 1 13 4 8 0 0
  10703 0 1 8 3 1 2
  10829 3 1 4 2 1 2
  12655 1 4 12 5 2 0
  4802 0 7 3 1 0 0
  13940 10 4 6 0 0 1
10 3
  -11103 0 6 2 0 0 2
  -646 0 3 4 2 2 0
  -12882 10 0 6 3 0 0
  4428 2 9 5 1 1 7
  4943 2 6 0 2 0 0
  -12606 1 1 3 0 1 1
  4443 3 2 0 1 1 3
  15462 4 4 0 0 1 1
  -4088 7 5 5 0 2 14
  -1633 1 6 9 4 1 1
10 3
  7584 0 15 0 0 5 0
  -5177 0 12 5 9 2 5
  -414 12 1 7 9 4 1
  8185 4 0 10 1 6 2
  6565 4 3 10 1 0 1
  9444 7 9 1 4 3 6
  12038 1 2 7 4 1 1
  -7988 16 0 3 3 1 6
  -85 2 1 3 1 3 1
  -1778 8 1 10 8 4 5
10 3
  -5361 3 6 10 0 3 2
  -1203 0 6 0 4 0 0
  -8099 5 8 1 6 4 3
  8341 2 9 5 2 0 0
  499 2 16 0 0 0 7
  2388 6 2 10 10 1 0
  -829 1 8 10 3 3 7
  4761 2 1 2 0 3 1
  4104 12 1 7 1 1 7
  -15536 9 5 1 0 2 0
10 3
  4363 6 2 6 3 0 0
  5652 4 2 8 3 0 0
  3929 1 1 15 9 1 0
  2360 8 1 8 6 1 0
  13232 0 10 9 14 0 4
  4738 4 12 2 0 0 1
  13838 6 1 3 0 0 1
  4995 8 1 0 2 2 0
  -737 1 2 15 0 1 2
  -8786 2 5 0 0 2 2
10 3
  2021 5 2 0 2 0 1
  983 3 7 9 0 3 0
  -7264 2 5 4 1 0 0
  6975 11 0 6 0 3 3
  2018 4 4 9 0 0 2
  -12545 1 15 4 1 4 7
  14409 11 3 1 1 4 1
  12303 5 0 2 2 1 0
  3192 6 0 4 1 3 0
  5952 3 3 3 3 0 1
10 3
  6497 0 8 5 0 1 0
  3514 4 4 8 2 4 6
  -6510 0 15 1 0 0 1
  -9661 5 4 1 1 4 2
  7413 6 3 10 4 0 5
  5591 8 2 4 6 4 1
  2426 0 8 9 2 0 0
  14983 0 3 8 1 2 1
  -7576 1 6 0 1 2 2
  2374 3 1 14 2 1 3
10 3
  -6138 2 3 0 0 0 1
  15736 0 3 3 0 2 3
  6392 4 0 15 2 1 12
  13090 13 2 1 1 3 0
  -5897 9 1 2 6 2 3
  9344 2 3 3 0 1 0
  -4275 0 15 1 0 4 11
  5600 4 6 8 9 6 2
  5977 0 3 6 4 0 0
  -2253 0 4 0 0 0 4
