10 5
  -14508 1 16 3 1 3 6
  2214 9 5 5 2 0 5
  -14168 13 4 3 2 13 5
  5280 8 1 8 1 0 4
  384 9 1 2 2 0 6
  -682 1 5 11 4 1 10
  3340 9 5 6 6 8 1
  -7906 4 9 3 2 0 3
  1787 0 11 1 7 3 0
  14199 1 10 7 0 0 2
10 5
  -1817 0 2 10 1 1 0
  8828 12 1 3 3 1 5
  -5058 5 9 5 0 0 6
  -15926 0 3 17 4 0 0
  -7362 10 7 1 7 2 7
  -4947 4 0 2 0 1 4
  3244 6 0 7 0 5 2
  2762 18 0 2 0 5 1
  15293 12 0 0 1 2 2
  -13218 3 3 5 4 0 2
10 5
  1619 1 11 0 0 0 3
  -8051 6 0 2 1 0 0
  12945 2 17 1 11 3 6
  -12548 3 3 11 2 2 0
  -4607 1 4 10 1 0 2
  12641 3 11 1 0 3 0
  -12942 2 13 0 0 9 3
  -12128 6 3 2 2 0 0
  -14930 0 5 4 0 2 1
  -7241 5 3 2 0 1 2
10 5
  3963 2 3 13 2 8 0
  6978 3 13 0 1 4 3
  5639 3 2 12 2 0 0
  2572 1 3 9 2 5 3
  2193 8 5 2 2 1 7
  3655 1 4 3 1 3 4
  -13708 0 7 8 1 3 9
  10725 4 6 1 2 1 0
  9287 3 4 11 0 2 8
  -4771 9 3 5 0 5 0
10 5
  -6417 0 4 11 3 2 2
  -14755 10 3 1 6 0 0
  -2699 0 1 5 2 0 1
  -12550 9 0 1 5 2 1
  -12638 12 1 2 0 13 0
  14444 0 0 11 8 1 0
  9333 1 5 5 1 0 0
  -15232 1 12 3 1 7 7
  3573 8 0 10 2 0 15
  12941 6 0 0 0 4 1
10 5
  11407 0 1 2 2 0 0
  -7390 7 5 1 0 6 2
  -4047 8 4 0 1 2 9
  10442 1 13 5 2 7 5
  14239 5 12 0 4 2 0
  15585 3 0 14 0 0 4
  -1546 5 8 0 0 1 4
  7571 5 2 2 0 0 3
  10529 1 10 2 0 3 7
  -1252 6 11 0 8 0 6
10 5
  -6716 6 0 13 4 1 1
  3187 2 10 8 8 7 3
  11496 1 12 5 7 5 3
  -9132 8 7 3 1 0 14
  11729 0 16 2 0 2 1
  -15959 6 5 2 0 1 9
  6325 7 8 4 9 1 2
  -4435 4 2 14 1 3 7
  -3209 2 2 2 1 1 0
  15381 0 14 1 6 0 2
10 5
  -6158 1 3 0 1 0 1
  3227 2 7 1 6 0 4
  -1875 13 1 2 1 6 0
  -1813 10 3 1 7 1 0
  -12014 2 12 1 0 0 3
  -6634 4 4 4 3 5 4
  -9066 1 2 5 0 0 3
  -10640 3 3 0 4 0 2
  -6433 1 13 4 2 6 1
  -5450 6 5 4 5 1 9
10 5
  11746 6 2 7 0 2 0
  14178 2 4 11 2 1 4
  8022 8 8 4 9 0 6
  1560 0 1 9 4 1 2
  -5573 7 7 6 1 0 7
  -13065 6 6 3 0 3 10
  -6472 15 5 0 2 10 5
  4633 1 10 7 1 2 10
  5790 12 0 2 5 0 7
  -8289 1 0 5 0 1 2
10 5
  8401 3 0 2 0 3 1
  -4266 0 2 10 2 3 3
  -857 0 10 0 0 0 2
  6544 8 6 5 3 5 7
  -11573 9 1 6 11 2 0
  -15475 9 4 2 1 0 6
  -9659 2 4 8 3 0 0
  7501 8 1 6 1 3 3
  -15134 8 2 7 3 6 2
  -14778 3 2 0 1 0 2
10 5
  -9329 3 4 2 3 1 3
  -5636 1 4 6 2 0 9
  -15275 1 10 9 7 1 8
  12051 7 2 3 1 0 4
  8843 4 10 1 2 5 7
  -15897 0 0 4 0 2 0
  14433 8 0 10 2 5 0
  11419 7 3 10 3 7 4
  3881 11 3 2 4 7 5
  -12157 7 4 3 0 7 3
10 5
  -11676 7 9 0 0 4 0
  -15050 1 5 12 1 0 1
  -6118 17 1 0 7 3 1
  -7665 4 10 0 2 1 6
  3321 3 9 0 2 1 2
  -888 4 10 1 7 2 2
  -1903 3 0 9 0 5 3
  -280 1 5 2 0 1 4
  5781 13 4 0 2 8 1
  3433 2 8 9 0 0 8
10 5
  -5954 3 5 4 5 5 1
  -7705 10 1 6 7 1 5
  8011 7 12 0 0 1 2
  10337 1 0 2 0 1 2
  -1119 2 7 3 6 2 0
  4262 8 2 4 6 1 6
  4337 2 2 0 0 0 1
  8347 12 2 4 0 5 2
  2266 0 0 12 0 3 2
  13024 9 6 3 0 9 7
10 5
  -8986 1 7 3 0 3 0
  -1295 2 0 1 1 0 2
  2754 8 1 3 2 0 0
  -5982 3 4 10 0 2 3
  -7886 3 2 0 0 0 3
  -3236 0 13 7 8 1 5
  12248 0 9 0 1 1 0
  -10887 0 10 8 0 11 3
  7112 1 16 3 4 7 3
  -9972 0 2 6 2 0 0
10 5
  707 0 10 3 5 0 6
  3070 3 1 6 0 1 3
  8156 2 5 9 4 0 7
  -13060 10 2 7 6 3 10
  7731 13 0 2 0 5 3
  12368 14 1 5 3 5 0
  -2431 7 6 5 3 1 5
  -10542 0 1 2 1 0 1
  3933 2 3 2 0 2 0
  4817 6 3 0 1 1 4
10 5
  11876 6 5 8 13 0 1
  -291 9 9 2 2 1 2
  -12924 2 3 6 0 1 9
  11319 10 4 0 0 0 5
  -8231 3 14 3 9 3 0
  -6619 1 4 0 0 1 1
  11172 1 0 15 6 3 5
  2569 0 5 11 0 0 2
  -5276 2 1 1 0 1 2
  7396 0 0 17 4 1 0
