10 4
  13052 4 4 10 0 3 1
  12330 8 1 7 1 2 0
  -946 4 7 3 0 4 1
  -11174 18 0 2 11 4 2
  9787 5 12 1 5 6 2
  -10357 13 3 1 0 7 3
  987 5 0 5 2 0 0
  10237 10 4 6 0 0 7
  -6167 10 10 0 4 0 5
  -14510 1 7 3 2 0 2
10 4
  13673 0 7 2 0 0 2
  -9580 6 1 2 1 2 1
  -8575 1 12 0 7 0 1
  15618 7 4 6 4 4 2
  2027 9 3 6 2 5 1
  9271 7 11 1 4 5 0
  -7822 3 4 7 4 0 0
  -9010 1 1 2 2 0 0
  -8981 2 8 7 0 9 2
  -14261 17 0 3 6 6 0
10 4
  12603 1 6 8 8 0 0
  2069 3 1 16 1 2 8
  14822 5 3 2 2 0 1
  2360 0 11 2 0 0 7
  -10059 3 0 10 0 1 0
  14814 0 12 3 0 1 0
  -1630 6 0 8 2 1 2
  -3731 1 17 1 3 1 4
  440 0 4 8 6 0 0
  -13662 0 12 7 3 8 1
10 4
  -8760 0 2 6 0 0 3
  4850 7 4 0 2 2 1
  -4439 3 0 15 12 0 1
  14810 6 2 2 0 4 4
  -9534 3 1 7 3 0 3
  3908 4 2 2 0 1 2
  -4560 2 13 2 5 1 2
  -8235 1 9 5 1 3 1
  -8957 10 7 2 1 0 1
  2243 2 3 15 5 5 4
10 4
  -15121 11 0 1 0 3 2
  -2203 1 6 9 2 2 0
  -10289 0 8 0 0 3 0
  6113 11 0 5 2 4 9
  -15196 6 3 7 4 0 1
  -6832 5 8 4 0 0 1
  3065 4 3 9 2 7 1
  4018 10 0 4 2 0 4
  -4077 10 6 2 3 1 0
  -9813 0 8 5 1 8 1
10 4
  6486 2 1 6 2 0 2
  5019 0 8 0 3 0 0
  -210 2 2 1 2 0 3
  11974 15 0 2 2 0 0
  -12309 1 11 2 0 6 2
  7988 1 1 1 1 0 0
  9595 3 7 7 2 0 1
  -13041 4 3 7 0 3 2
  -409 8 1 1 0 2 5
  2944 3 1 5 3 2 0
10 4
  -7502 3 6 0 0 2 3
  -12263 4 5 1 0 0 1
  14770 1 10 4 0 1 10
  -21 4 11 4 0 1 9
  5901 6 1 0 0 2 0
  7352 0 8 3 8 1 1
  12576 7 0 12 4 5 1
  -7343 15 2 0 1 2 0
  -6441 2 8 5 0 0 13
  9228 14 0 6 4 0 8
10 4
  5054 3 2 3 1 1 1
  -3560 0 2 10 0 2 6
  12251 4 1 7 1 1 2
  15368 4 10 0 1 1 0
  -1120 1 9 2 4 2 1
  8938 7 1 0 0 2 1
  12853 0 10 10 12 2 3
  -703 9 7 0 0 6 8
  -6081 3 0 8 0 0 7
  12193 8 3 6 6 2 1
10 4
  6890 10 2 0 1 0 4
  5987 0 5 15 3 0 5
  -11481 1 0 5 0 1 1
  3338 3 2 4 3 1 2
  -7213 10 1 0 0 1 3
  -6396 0 13 1 0 5 8
  -1762 0 5 11 0 0 3
  -3350 9 4 1 0 3 0
  -5024 7 2 11 3 9 0
  6309 4 3 5 0 4 8
10 4
  13436 3 9 1 1 1 9
  13232 0 11 1 5 3 0
  524 1 14 1 2 0 0
  -3980 1 5 4 1 2 0
  13358 9 10 1 1 1 0
  15806 0 6 0 3 0 1
  -14483 7 13 0 1 0 3
  6507 4 8 7 1 2 8
  -13922 2 14 1 4 5 7
  14754 10 6 1 7 0 2
10 4
  -14713 2 6 8 0 0 8
  -6427 1 11 5 6 2 3
  643 2 7 2 0 4 1
  -3673 5 5 4 0 3 0
  -5991 9 0 2 3 1 6
  11881 12 5 0 11 0 4
  -15316 9 3 8 4 2 0
  440 4 5 1 1 0 0
  -1638 7 8 3 0 7 1
  12075 5 1 11 0 2 3
10 4
  -9465 5 15 0 1 7 1
  -14857 4 12 3 1 4 6
  6765 2 2 9 0 2 2
  15292 1 17 1 0 0 3
  11900 4 1 7 1 0 1
  12836 9 6 1 2 6 0
  -982 9 4 1 2 1 9
  -9304 3 6 2 7 1 0
  -5797 15 1 1 1 1 0
  -3199 0 0 9 0 1 2
10 4
  10049 5 8 0 0 1 4
  -11167 4 2 5 0 2 3
  5145 1 6 4 2 1 0
  12635 0 19 0 1 1 0
  5848 10 2 8 4 4 0
  -11324 4 3 9 0 2 0
  -4591 8 3 0 2 0 8
  11284 1 17 0 0 3 4
  6283 7 2 8 3 1 4
  14902 4 12 2 2 1 4
10 4
  -6212 14 3 3 1 8 10
  -13619 2 15 2 0 1 2
  7622 3 0 16 0 0 4
  15961 3 7 10 5 3 0
  -7784 8 7 5 2 7 7
  -15971 2 2 15 0 5 0
  4061 11 1 3 0 7 0
  -10613 8 3 3 0 3 3
  -5582 0 1 9 0 1 3
  10332 1 0 19 12 3 1
10 4
  2234 4 2 3 1 1 0
  -6037 4 1 9 2 0 1
  201 6 4 3 5 1 2
  -10166 10 4 4 0 0 5
  7335 4 6 6 0 6 4
  15822 6 0 3 3 0 5
  -9860 9 0 8 0 5 1
  8146 2 4 0 1 4 1
  -3099 1 5 8 3 8 1
  15077 4 3 7 2 6 3
