10 2
  15163 6 3 0 1 0 2
  -12563 2 6 0 0 0 3
  -7150 2 0 6 1 1 6
  -14259 7 2 6 0 1 0
  2236 1 3 0 0 1 0
  7761 8 3 7 0 0 1
  -10492 0 14 0 5 0 1
  6032 1 4 3 4 2 1
  -509 2 9 7 1 9 4
  -10765 13 3 2 0 1 3
10 2
  -13511 3 8 2 1 5 5
  -2167 1 13 5 0 1 2
  14470 1 2 3 2 1 0
  -6066 0 2 18 7 4 0
  7522 2 16 1 8 1 0
  3915 3 0 14 1 0 0
  1104 2 1 3 2 0 1
  109 0 1 2 0 0 2
  12822 5 0 8 1 1 10
  -15407 12 2 4 5 2 5
10 2
  -5279 6 1 4 2 1 0
  12855 14 0 5 7 4 3
  15638 1 1 0 1 0 0
  -10846 3 8 2 0 1 0
  -3758 1 12 6 2 0 1
  -8950 3 5 3 1 1 0
  9814 0 6 8 4 1 6
  6741 0 5 6 0 1 0
  -14243 11 5 4 2 5 3
  -15876 6 4 1 1 3 2
10 2
  5770 12 0 5 1 3 6
  11411 0 2 14 8 1 0
  7537 1 3 1 1 2 1
  -10394 1 0 18 1 0 0
  4359 10 1 4 2 3 10
  9216 4 3 9 0 0 7
  -283 2 6 8 2 8 4
  53 0 0 12 5 0 5
  1349 0 9 11 3 3 2
  -428 1 0 11 1 4 4
10 2
  -15325 11 5 4 0 2 0
  -12898 1 6 2 2 0 1
  8000 0 9 0 2 0 1
  9291 0 5 5 0 3 7
  14482 1 7 1 0 4 1
  -14782 15 1 2 6 4 3
  2200 2 7 0 2 0 2
  7989 0 2 5 2 0 2
  -9972 1 7 9 5 4 4
  7815 7 0 5 2 2 5
10 2
  -15752 3 6 1 0 7 3
  -12364 4 13 1 11 6 0
  15515 4 8 0 2 2 3
  4387 11 5 4 2 0 1
  4076 9 9 0 1 3 5
  12990 0 10 6 0 0 1
  -9794 8 0 5 2 6 3
  -13669 12 4 3 0 3 10
  12835 2 3 11 0 13 0
  -1137 2 2 4 0 1 0
10 2
  -7780 12 3 0 3 2 5
  6506 0 5 14 9 8 0
  9180 3 2 7 0 2 6
  138 9 4 6 0 7 10
  3737 0 0 14 0 2 0
  -13770 4 6 1 0 4 2
  -137 8 10 1 0 1 0
  -7685 3 6 11 2 0 1
  -5094 1 6 0 0 0 1
  -2179 0 17 3 0 1 4
10 2
  10366 1 4 6 0 1 4
  8394 2 2 16 8 10 1
  -11658 0 9 8 6 1 1
  -13223 17 0 3 1 0 7
  -10386 1 1 3 0 1 0
  6980 2 3 6 1 0 0
  -5428 3 3 0 0 4 0
  -444 15 1 0 0 5 4
  6082 7 0 3 2 0 1
  -5673 6 6 4 2 0 5
10 2
  13536 9 3 0 5 0 6
  -10703 6 2 9 3 9 3
  -12941 3 2 15 11 6 0
  -9718 9 10 0 1 8 7
  -562 7 4 5 0 9 6
  7803 1 4 10 1 2 10
  2191 8 1 4 3 3 2
  12819 8 3 6 0 5 2
  -11929 8 10 2 0 2 0
  1204 2 11 7 0 0 1
10 2
  13657 1 17 0 0 2 6
  -13111 3 4 4 0 2 0
  -3959 0 9 11 1 0 0
  -15464 2 14 3 1 2 9
  -8319 1 0 1 0 1 0
  13999 2 11 3 6 6 2
  11989 3 2 14 12 2 4
  5724 2 4 12 0 10 3
  7657 2 6 2 0 1 6
  8236 0 8 12 0 13 2
10 2
  -4445 3 11 2 7 8 0
  10465 1 5 0 0 1 2
  6648 1 1 10 8 3 0
  -6774 2 7 3 4 0 3
  14674 3 6 1 0 1 8
  15595 6 7 1 0 0 1
  -11455 6 7 3 8 0 5
  -6865 1 4 3 1 2 0
  10781 2 8 8 1 6 0
  -14300 0 11 6 2 5 3
10 2
  8978 3 7 10 6 0 7
  -12591 10 2 0 7 1 4
  14536 18 1 1 9 0 1
  -7317 4 1 3 4 0 3
  14107 4 1 7 2 0 0
  3060 11 1 1 2 0 6
  -497 0 2 3 0 0 2
  15685 0 1 1 0 0 1
  -14263 0 1 9 4 0 3
  -2587 7 0 0 0 1 1
10 2
  10319 7 12 1 5 1 0
  14218 3 8 6 2 2 6
  -15689 2 3 12 10 5 0
  -14406 1 2 2 0 1 0
  11062 0 11 1 3 2 6
  -1183 16 1 2 2 6 4
  -1229 2 8 10 3 3 4
  14650 15 2 3 3 3 1
  -4528 11 4 5 4 0 3
  -9952 1 2 4 0 1 4
10 2
  11491 5 6 7 2 2 12
  9411 0 0 2 0 1 0
  7768 3 13 0 4 3 2
  9615 8 0 8 1 7 3
  7180 4 2 4 1 0 0
  -5320 6 6 0 1 0 3
  1864 8 7 5 1 3 1
  9850 8 10 0 1 12 4
  10637 3 6 5 2 0 4
  14130 9 5 5 2 1 1
10 2
  -15928 8 5 0 1 2 8
  -13457 1 0 10 0 0 1
  4457 10 4 5 5 6 0
  -5064 2 13 1 1 5 9
  6194 4 2 1 0 1 4
  -6798 8 5 6 1 0 2
  11980 1 2 0 0 1 0
  13301 7 3 0 2 2 2
  14614 5 5 10 14 1 1
  -12045 3 0 15 1 1 0
10 2
  15497 0 2 5 1 0 0
  1190 14 0 3 1 0 2
  15804 4 10 6 7 5 1
  -6016 1 5 8 3 5 0
  12855 3 1 8 0 3 1
  -1785 3 6 1 1 1 1
  6911 6 2 2 1 2 2
  -6955 2 4 3 0 2 1
  6137 5 4 5 1 10 0
  -1833 0 8 7 2 1 2
10 2
  1125 6 5 2 0 0 1
  -10887 6 1 11 1 0 0
  13764 1 1 3 0 0 2
  6434 3 4 5 2 0 2
  -8098 11 3 2 1 2 3
  -326 2 4 5 0 0 5
  15052 2 12 5 0 4 10
  13961 0 2 5 3 1 1
  -3584 12 2 0 0 0 4
  -7746 8 1 3 1 1 0
10 2
  15753 7 3 6 2 1 0
  11714 4 8 3 6 6 2
  -3979 2 4 2 0 1 0
  -4198 3 1 1 0 4 0
  -4569 7 2 9 3 1 0
  -9164 4 4 3 5 2 3
  13470 2 2 12 0 4 5
  -15465 2 13 3 0 5 0
  9475 1 1 15 0 0 1
  2352 3 11 6 0 0 1
10 2
  7545 5 7 3 7 0 4
  -13905 4 0 2 1 3 2
  4697 6 0 11 0 0 3
  2253 3 2 6 0 4 2
  -9126 1 13 4 9 0 2
  9018 3 5 8 0 0 2
  -10903 9 7 2 0 1 0
  11431 1 4 15 4 10 1
  -547 1 13 5 9 7 0
  -13491 11 2 3 3 10 0
10 2
  -7599 4 4 6 1 9 1
  -14373 2 10 3 2 6 7
  4270 4 8 0 0 0 1
  -259 8 0 2 2 0 3
  -4469 1 5 0 1 0 1
  -5196 2 13 4 5 2 7
  13745 2 1 1 1 2 0
  -8338 0 12 2 1 2 0
  3073 1 0 14 0 7 4
  -8756 3 3 9 0 5 5
