1,-39.32
2,-37.09
3,-38.31
4,-35.75
5,-37.45
6,-34.51
7,-34.33
8,-35.94
9,-34.47
10,-37.1
11,-34.27
12,-35.52
13,-34.47
14,-37.08
15,-39.52
16,-37.18
17,-35.29
18,-33.62
19,-31.4
20,-33.76
21,-34.01
22,-34.7
23,-37.89
24,-33.23
25,-31.55
26,-34.79
27,-39.02
28,-35.4
29,-35.44
30,-33.73
31,-33.99
32,-32.02
33,-32.73
34,-31.98
35,-33.08
36,-34.94
37,-31.85
38,-36.94
39,-31.66
40,-33.3
41,-31.02
42,-33.15
43,-31.35
44,-31.94
45,-34.81
46,-32.69
47,-31.86
48,-31.73
49,-31.27
50,-30.2
51,-33.64
52,-31.74
53,-33.44
54,-32.59
55,-32.55
56,-32.34
57,-31.32
58,-33.21
59,-31.99
60,-30.87
61,-29.39
62,-31.82
63,-30.96
64,-31.08
65,-32.13
66,-32.84
67,-31.05
68,-30.27
69,-33.12
70,-30.31
71,-30.62
72,-31.99
73,-30.47
74,-31.72
75,-30.79
76,-30.18
77,-30.42
78,-31.82
79,-32.17
80,-29.14
81,-31.59
82,-30.64
83,-32.49
84,-31.35
85,-29.86
86,-30.15
87,-32.9
88,-29.54
89,-29.91
90,-30.49
91,-32.13
92,-33.09
93,-32.8
94,-32.21
95,-30.4
96,-30.57
97,-31.01
98,-29.31
99,-30.62
100,-29.99
101,-32.09
102,-31.37
103,-30.58
104,-32.28
105,-31.46
106,-28.71
107,-29.6
108,-30.39
109,-27.97
110,-30.47
111,-31.7
112,-28.49
113,-30.28
114,-30.56
115,-29.26
116,-30.22
117,-29.74
118,-31.43
119,-30.94
120,-29.4
121,-31.11
122,-30.49
123,-30.91
124,-31.93
125,-29.21
126,-29.95
127,-31.03
128,-30.06
129,-30.83
130,-29.98
131,-27.19
132,-28.82
133,-28.66
134,-27.17
135,-30.57
136,-31.31
137,-28.61
138,-31.8
139,-29.48
140,-30.43
141,-30.19
142,-30.18
143,-29.5
144,-26.98
145,-30.03
146,-29.45
147,-28.73
148,-30.13
149,-28.43
150,-31.52
151,-28.19
152,-28.53
153,-32.5
154,-30.11
155,-30.12
156,-28.88
157,-29.43
158,-30.56
159,-29.07
160,-30.9
161,-30.02
162,-29.53
163,-29.72
164,-29.23
165,-29.3
166,-30.48
167,-29.62
168,-31.17
169,-28.97
170,-30.41
171,-26.62
172,-28.86
173,-29.09
174,-28.19
175,-27.89
176,-29.57
177,-29.61
178,-30.6
179,-28.89
180,-30.41
181,-31.84
182,-27.3
183,-28.62
184,-29.23
185,-29.32
186,-29.17
187,-30.5
188,-29.92
189,-28.79
190,-27.4
191,-28.88
192,-26.85
193,-29.09
194,-28.45
195,-28.61
196,-29.1
197,-27.66
198,-29.74
199,-28.69
200,-29.89
201,-26.94
202,-30.5
203,-30.27
204,-27.94
205,-29.16
206,-29.36
207,-29.34
208,-28.97
209,-28.9
210,-28.96
211,-28.27
212,-28.09
213,-28.83
214,-29.47
215,-29.19
216,-27.65
217,-28.52
218,-28.37
219,-29.0
220,-28.4
221,-27.06
222,-30.15
223,-28.89
224,-26.98
225,-28.72
226,-27.98
227,-28.33
228,-28.27
229,-26.27
230,-28.93
231,-26.02
232,-29.22
233,-28.5
234,-29.23
235,-28.7
236,-26.0
237,-27.7
238,-26.93
239,-27.23
240,-27.36
241,-29.07
242,-27.8
243,-26.76
244,-27.21
245,-26.76
246,-29.04
247,-27.8
248,-27.79
249,-27.54
250,-27.39
251,-25.96
252,-27.95
253,-27.26
254,-27.23
255,-28.3
256,-27.14
257,-27.63
258,-26.96
259,-28.26
260,-27.68
261,-27.52
262,-28.8
263,-27.49
264,-26.99
265,-28.33
266,-27.69
267,-27.49
268,-28.34
269,-29.36
270,-26.26
271,-27.71
272,-26.1
273,-27.09
274,-27.55
275,-26.13
276,-26.26
277,-26.58
278,-26.5
279,-28.33
280,-25.71
281,-26.86
282,-28.08
283,-27.26
284,-26.35
285,-25.59
286,-27.6
287,-28.73
288,-28.78
289,-25.86
290,-26.94
291,-25.99
292,-26.65
293,-25.47
294,-26.42
295,-26.3
296,-26.7
297,-27.36
298,-27.49
299,-26.17
300,-27.7
301,-28.19
302,-27.23
303,-25.77
304,-26.96
305,-25.72
306,-25.98
307,-25.05
308,-27.44
309,-28.7
310,-24.46
311,-26.5
312,-26.28
313,-25.25
314,-26.44
315,-26.21
316,-26.37
317,-26.33
318,-25.33
319,-26.22
320,-26.41
321,-25.13
322,-26.37
323,-25.59
324,-25.8
325,-24.59
326,-25.28
327,-24.59
328,-26.1
329,-25.78
330,-26.42
331,-26.49
332,-24.73
333,-25.76
334,-26.58
335,-25.39
336,-25.1
337,-26.02
338,-25.16
339,-25.31
340,-26.02
341,-24.02
342,-25.85
343,-23.74
344,-26.36
345,-26.51
346,-23.89
347,-24.65
348,-25.81
349,-26.2
350,-25.69
351,-26.06
352,-25.66
353,-24.39
354,-26.37
355,-24.51
356,-24.79
357,-25.21
358,-24.68
359,-25.43
360,-25.94
361,-26.65
362,-25.95
363,-26.09
364,-24.96
365,-24.76
366,-25.63
367,-23.56
368,-25.28
369,-24.74
370,-24.18
371,-25.6
372,-24.86
373,-26.15
374,-24.7
375,-26.18
376,-25.1
377,-24.93
378,-25.38
379,-23.83
380,-24.91
381,-25.02
382,-24.56
383,-24.98
384,-23.75
385,-24.4
386,-25.08
387,-24.65
388,-24.05
389,-25.48
390,-24.77
391,-24.07
392,-24.23
393,-24.55
394,-24.71
395,-25.36
396,-25.52
397,-24.52
398,-25.54
399,-25.12
400,-24.33
401,-24.54
402,-23.51
403,-23.11
404,-24.02
405,-24.9
406,-24.62
407,-25.43
408,-23.81
409,-24.4
410,-24.89
411,-24.51
412,-24.27
413,-25.13
414,-24.09
415,-24.71
416,-23.55
417,-25.97
418,-25.3
419,-24.61
420,-24.59
421,-25.23
422,-24.88
423,-24.62
424,-23.46
425,-24.17
426,-22.92
427,-23.83
428,-24.44
429,-24.03
430,-24.98
431,-24.47
432,-23.94
433,-24.13
434,-24.01
435,-23.62
436,-23.28
437,-24.44
438,-23.76
439,-23.36
440,-24.71
441,-23.88
442,-24.12
443,-23.83
444,-24.73
445,-22.93
446,-24.37
447,-23.08
448,-24.08
449,-24.86
450,-24.79
451,-22.61
452,-25.4
453,-24.03
454,-24.15
455,-25.71
456,-23.94
457,-24.61
458,-24.98
459,-24.23
460,-23.74
461,-22.93
462,-23.65
463,-23.22
464,-24.11
465,-22.87
466,-24.83
467,-23.54
468,-22.67
469,-23.58
470,-23.11
471,-23.11
472,-23.09
473,-24.22
474,-24.04
475,-25.09
476,-23.47
477,-24.03
478,-23.0
479,-23.41
480,-23.81
481,-23.73
482,-22.7
483,-23.95
484,-22.88
485,-23.09
486,-25.31
487,-24.55
488,-23.53
489,-24.04
490,-23.06
491,-23.04
492,-22.19
493,-23.39
494,-24.0
495,-23.69
496,-23.62
497,-23.97
498,-23.18
499,-23.51
500,-22.85
501,-23.37
502,-23.93
503,-24.13
504,-22.62
505,-23.76
506,-23.16
507,-22.93
508,-24.52
509,-23.53
510,-23.84
511,-23.84
512,-22.83
513,-24.35
514,-23.13
515,-23.42
516,-24.31
517,-24.01
518,-24.24
519,-22.41
520,-23.14
521,-23.92
522,-23.82
523,-24.04
524,-22.48
525,-22.78
526,-22.27
527,-23.97
528,-23.08
529,-23.23
530,-23.74
531,-22.89
532,-23.56
533,-23.46
534,-22.74
535,-24.26
536,-23.04
537,-23.66
538,-23.66
539,-23.91
540,-24.45
541,-23.66
542,-22.58
543,-23.73
544,-23.13
545,-22.47
546,-22.59
547,-22.75
548,-23.57
549,-23.22
550,-22.58
551,-23.18
552,-22.96
553,-23.48
554,-21.59
555,-23.46
556,-23.2
557,-22.98
558,-23.9
559,-22.72
560,-23.23
561,-22.39
562,-23.32
563,-22.93
564,-23.46
565,-22.49
566,-23.16
567,-23.19
568,-21.74
569,-22.15
570,-21.83
571,-22.54
572,-21.7
573,-23.91
574,-23.64
575,-22.97
576,-22.22
577,-23.38
578,-22.28
579,-21.46
580,-23.89
581,-21.61
582,-22.85
583,-22.22
584,-22.27
585,-23.58
586,-22.52
587,-23.92
588,-22.1
589,-23.06
590,-22.78
591,-21.73
592,-23.61
593,-24.56
594,-23.25
595,-22.08
596,-22.4
597,-23.13
598,-22.11
599,-21.48
600,-21.88
601,-22.65
602,-22.51
603,-22.13
604,-22.33
605,-22.78
606,-22.39
607,-22.91
608,-23.36
609,-22.95
610,-22.37
611,-22.65
612,-21.75
613,-23.01
614,-22.67
615,-23.57
616,-23.26
617,-23.94
618,-23.44
619,-23.11
620,-22.43
621,-23.47
622,-22.75
623,-23.02
624,-21.55
625,-22.32
626,-23.77
627,-23.18
628,-22.65
629,-23.37
630,-21.84
631,-22.33
632,-22.58
633,-22.08
634,-22.86
635,-22.14
636,-23.15
637,-22.69
638,-23.27
639,-23.66
640,-22.66
641,-22.56
642,-22.52
643,-22.33
644,-22.5
645,-21.77
646,-21.92
647,-23.12
648,-22.57
649,-21.92
650,-22.52
651,-21.9
652,-22.09
653,-22.88
654,-22.28
655,-22.01
656,-23.24
657,-23.07
658,-22.71
659,-22.74
660,-22.9
661,-22.17
662,-23.13
663,-22.51
664,-22.61
665,-21.95
666,-22.22
667,-21.56
668,-22.95
669,-22.11
670,-22.1
671,-23.81
672,-22.04
673,-22.48
674,-21.62
675,-22.62
676,-24.15
677,-22.07
678,-22.98
679,-22.06
680,-21.75
681,-23.65
682,-22.06
683,-22.14
684,-22.18
685,-21.84
686,-22.47
687,-23.53
688,-20.88
689,-22.16
690,-22.6
691,-22.46
692,-22.08
693,-23.18
694,-22.11
695,-22.97
696,-22.48
697,-23.52
698,-21.68
699,-22.57
700,-22.78
701,-22.0
702,-21.75
703,-22.15
704,-22.04
705,-22.28
706,-23.39
707,-21.57
708,-23.22
709,-22.24
710,-21.92
711,-22.18
712,-22.7
713,-21.83
714,-21.76
715,-21.47
716,-22.56
717,-22.14
718,-22.51
719,-22.3
720,-22.27
721,-22.87
722,-22.84
723,-23.68
724,-22.0
725,-22.14
726,-21.8
727,-21.94
728,-22.52
729,-22.33
730,-22.09
731,-21.88
732,-21.8
733,-21.98
734,-22.8
735,-22.15
736,-22.8
737,-23.07
738,-21.32
739,-22.8
740,-22.56
741,-22.02
742,-22.26
743,-22.07
744,-23.01
745,-22.42
746,-22.2
747,-23.15
748,-23.61
749,-22.38
750,-22.71
751,-22.58
752,-21.62
753,-22.91
754,-23.38
755,-23.26
756,-22.55
757,-21.82
758,-22.18
759,-22.76
760,-22.96
761,-22.04
762,-23.28
763,-22.0
764,-21.64
765,-21.25
766,-22.58
767,-21.84
768,-22.87
769,-21.35
770,-21.68
771,-22.7
772,-22.27
773,-22.03
774,-21.76
775,-22.03
776,-22.5
777,-22.07
778,-22.31
779,-22.8
780,-22.67
781,-21.61
782,-21.82
783,-22.67
784,-22.01
785,-22.63
786,-22.0
787,-21.79
788,-21.91
789,-21.57
790,-21.94
791,-20.91
792,-21.88
793,-21.0
794,-21.71
795,-21.8
796,-21.82
797,-22.16
798,-22.28
799,-22.15
800,-22.45
801,-22.3
802,-21.8
803,-22.94
804,-22.11
805,-23.37
806,-21.8
807,-21.67
808,-21.96
809,-21.67
810,-21.68
811,-22.03
812,-22.29
813,-21.67
814,-22.25
815,-21.94
816,-21.91
817,-21.19
818,-21.9
819,-22.37
820,-21.77
821,-22.46
822,-22.56
823,-21.94
824,-21.33
825,-22.57
826,-22.62
827,-22.31
828,-21.81
829,-21.0
830,-21.87
831,-22.98
832,-22.1
833,-22.17
834,-21.32
835,-22.54
836,-21.9
837,-21.64
838,-21.42
839,-22.18
840,-21.37
841,-21.57
842,-22.08
843,-21.75
844,-22.4
845,-21.32
846,-22.06
847,-22.01
848,-21.71
849,-21.59
850,-21.81
851,-21.39
852,-22.01
853,-21.92
854,-21.07
855,-21.33
856,-22.5
857,-21.4
858,-22.53
859,-21.53
860,-21.26
861,-21.51
862,-22.19
863,-21.04
864,-21.38
865,-21.6
866,-21.15
867,-21.9
868,-21.95
869,-21.78
870,-21.5
871,-21.03
872,-21.59
873,-21.91
874,-21.22
875,-21.63
876,-21.68
877,-21.79
878,-22.2
879,-21.31
880,-21.28
881,-20.75
882,-21.73
883,-21.76
884,-21.52
885,-21.32
886,-21.42
887,-22.64
888,-21.6
889,-22.05
890,-22.0
891,-21.18
892,-22.93
893,-21.61
894,-21.76
895,-20.9
896,-22.23
897,-21.52
898,-21.31
899,-21.74
900,-21.2
901,-21.36
902,-21.75
903,-22.32
904,-21.83
905,-21.5
906,-20.89
907,-22.02
908,-20.94
909,-21.8
910,-21.45
911,-20.82
912,-21.72
913,-21.06
914,-21.39
915,-21.23
916,-21.08
917,-21.62
918,-21.39
919,-21.54
920,-22.31
921,-21.81
922,-21.2
923,-22.19
924,-21.83
925,-21.7
926,-21.2
927,-21.15
928,-22.08
929,-22.09
930,-21.58
931,-21.26
932,-21.69
933,-21.79
934,-21.4
935,-21.7
936,-21.36
937,-21.9
938,-22.2
939,-22.63
940,-21.65
941,-21.03
942,-22.31
943,-22.52
944,-21.27
945,-21.31
946,-21.45
947,-21.5
948,-22.12
949,-21.44
950,-21.85
951,-21.79
952,-21.21
953,-22.42
954,-21.22
955,-22.37
956,-21.31
957,-22.47
958,-21.99
959,-22.61
960,-20.58
961,-21.38
962,-21.83
963,-21.51
964,-21.23
965,-21.23
966,-22.02
967,-21.04
968,-21.72
969,-21.12
970,-21.85
971,-21.46
972,-22.02
973,-21.73
974,-21.35
975,-20.69
976,-20.2
977,-22.2
978,-20.96
979,-21.9
980,-21.93
981,-20.8
982,-21.68
983,-21.78
984,-21.35
985,-21.38
986,-22.48
987,-21.0
988,-20.69
989,-21.78
990,-21.36
991,-21.49
992,-21.19
993,-20.93
994,-21.01
995,-21.86
996,-21.61
997,-21.4
998,-21.42
999,-20.66
1000,-21.65
