1,-38.49
2,-34.56
3,-34.83
4,-38.62
5,-33.69
6,-36.77
7,-37.27
8,-35.55
9,-39.51
10,-35.01
11,-36.58
12,-35.76
13,-37.79
14,-38.33
15,-36.25
16,-33.51
17,-35.48
18,-38.64
19,-37.12
20,-37.57
21,-38.1
22,-36.76
23,-37.18
24,-35.48
25,-35.76
26,-35.8
27,-34.48
28,-36.87
29,-38.37
30,-37.94
31,-37.6
32,-39.63
33,-36.97
34,-35.59
35,-38.91
36,-38.03
37,-34.61
38,-37.67
39,-36.02
40,-36.39
41,-39.96
42,-37.17
43,-38.28
44,-37.77
45,-39.3
46,-35.4
47,-37.89
48,-39.62
49,-37.66
50,-36.86
51,-39.23
52,-37.5
53,-38.36
54,-40.19
55,-36.45
56,-35.81
57,-33.92
58,-38.25
59,-37.22
60,-34.97
61,-38.23
62,-37.74
63,-38.4
64,-36.52
65,-37.98
66,-37.85
67,-37.12
68,-37.45
69,-37.89
70,-36.5
71,-33.55
72,-40.15
73,-35.96
74,-35.57
75,-37.11
76,-40.52
77,-40.61
78,-35.18
79,-36.2
80,-34.25
81,-38.41
82,-38.12
83,-36.19
84,-38.24
85,-38.11
86,-40.56
87,-39.4
88,-36.31
89,-37.8
90,-40.61
91,-35.71
92,-36.69
93,-36.78
94,-37.97
95,-37.01
96,-40.95
97,-38.97
98,-38.94
99,-41.69
100,-35.01
101,-37.66
102,-37.5
103,-36.78
104,-38.87
105,-38.9
106,-39.16
107,-39.4
108,-41.41
109,-37.87
110,-40.3
111,-36.41
112,-39.67
113,-39.22
114,-35.56
115,-37.66
116,-38.38
117,-39.05
118,-38.96
119,-37.54
120,-35.24
121,-34.85
122,-38.87
123,-38.5
124,-37.32
125,-37.89
126,-38.19
127,-38.11
128,-36.31
129,-40.29
130,-35.14
131,-36.37
132,-38.75
133,-37.06
134,-41.0
135,-37.23
136,-41.17
137,-37.55
138,-42.42
139,-34.48
140,-36.78
141,-41.0
142,-39.11
143,-37.81
144,-41.16
145,-37.66
146,-41.35
147,-41.78
148,-36.88
149,-36.39
150,-38.67
151,-41.14
152,-36.75
153,-38.35
154,-37.84
155,-39.19
156,-39.71
157,-36.62
158,-37.55
159,-42.8
160,-37.39
161,-38.58
162,-40.17
163,-37.01
164,-38.82
165,-39.14
166,-35.13
167,-38.49
168,-36.88
169,-41.11
170,-37.36
171,-35.71
172,-41.42
173,-37.81
174,-35.69
175,-38.89
176,-40.03
177,-39.95
178,-39.27
179,-40.59
180,-40.67
181,-39.42
182,-41.95
183,-36.91
184,-40.99
185,-37.86
186,-35.13
187,-36.21
188,-37.74
189,-35.45
190,-36.86
191,-41.51
192,-40.56
193,-37.44
194,-42.06
195,-37.52
196,-38.55
197,-40.03
198,-35.83
199,-36.24
200,-41.54
201,-36.43
202,-42.69
203,-39.21
204,-42.89
205,-41.89
206,-39.16
207,-38.74
208,-38.99
209,-39.45
210,-34.83
211,-40.57
212,-40.56
213,-40.27
214,-39.67
215,-37.95
216,-38.05
217,-41.07
218,-38.78
219,-41.17
220,-36.76
221,-37.61
222,-38.02
223,-39.41
224,-37.83
225,-39.21
226,-38.39
227,-39.39
228,-41.35
229,-41.45
230,-39.46
231,-43.16
232,-40.09
233,-37.03
234,-39.07
235,-39.39
236,-38.84
237,-38.73
238,-40.21
239,-44.23
240,-36.78
241,-38.77
242,-41.98
243,-38.53
244,-38.9
245,-39.56
246,-35.41
247,-40.1
248,-40.68
249,-40.9
250,-38.28
251,-38.24
252,-42.65
253,-40.98
254,-38.54
255,-38.68
256,-40.17
257,-40.35
258,-39.25
259,-42.38
260,-45.47
261,-41.58
262,-36.7
263,-39.67
264,-36.53
265,-39.69
266,-38.26
267,-43.73
268,-35.34
269,-38.45
270,-39.79
271,-38.86
272,-40.12
273,-37.13
274,-38.98
275,-38.56
276,-35.64
277,-34.93
278,-37.71
279,-39.8
280,-39.74
281,-34.05
282,-37.63
283,-38.93
284,-39.02
285,-43.19
286,-43.8
287,-38.93
288,-40.71
289,-39.56
290,-38.54
291,-37.65
292,-40.58
293,-39.45
294,-40.29
295,-42.24
296,-41.31
297,-37.14
298,-38.83
299,-40.01
300,-40.16
301,-40.78
302,-40.93
303,-40.29
304,-34.53
305,-40.86
306,-38.43
307,-40.02
308,-38.33
309,-39.04
310,-40.64
311,-44.2
312,-39.83
313,-40.04
314,-37.17
315,-41.2
316,-36.41
317,-41.93
318,-38.93
319,-38.15
320,-39.22
321,-37.4
322,-39.3
323,-38.67
324,-40.48
325,-45.24
326,-40.42
327,-43.09
328,-41.2
329,-38.58
330,-39.89
331,-41.06
332,-37.5
333,-38.33
334,-43.21
335,-39.34
336,-37.72
337,-40.17
338,-39.03
339,-43.0
340,-41.06
341,-41.39
342,-41.9
343,-40.13
344,-40.0
345,-39.63
346,-36.65
347,-38.13
348,-47.24
349,-38.63
350,-44.3
351,-37.06
352,-40.42
353,-39.82
354,-39.88
355,-41.44
356,-42.89
357,-43.96
358,-41.25
359,-41.01
360,-41.81
361,-36.04
362,-42.91
363,-39.83
364,-38.85
365,-41.23
366,-37.76
367,-42.08
368,-40.21
369,-39.08
370,-34.56
371,-38.96
372,-39.65
373,-39.74
374,-39.58
375,-41.7
376,-38.32
377,-36.74
378,-42.49
379,-39.48
380,-38.66
381,-38.03
382,-41.24
383,-41.74
384,-40.22
385,-39.35
386,-45.05
387,-38.34
388,-39.42
389,-37.45
390,-41.27
391,-42.36
392,-40.31
393,-38.07
394,-39.14
395,-41.24
396,-43.74
397,-43.31
398,-40.81
399,-44.72
400,-47.34
401,-38.7
402,-39.18
403,-41.22
404,-43.47
405,-39.82
406,-39.52
407,-40.48
408,-42.37
409,-43.49
410,-40.21
411,-41.08
412,-41.99
413,-36.5
414,-37.38
415,-38.13
416,-39.84
417,-41.52
418,-45.1
419,-39.97
420,-43.83
421,-45.02
422,-44.02
423,-42.78
424,-38.4
425,-40.29
426,-38.49
427,-42.43
428,-40.43
429,-42.45
430,-42.45
431,-47.19
432,-39.52
433,-40.0
434,-39.3
435,-40.4
436,-43.81
437,-45.47
438,-40.25
439,-42.53
440,-39.5
441,-39.68
442,-42.72
443,-39.98
444,-43.66
445,-37.97
446,-37.53
447,-41.5
448,-41.99
449,-38.38
450,-38.44
451,-44.12
452,-40.05
453,-40.75
454,-41.38
455,-39.79
456,-37.27
457,-42.13
458,-36.85
459,-40.47
460,-40.06
461,-40.68
462,-42.17
463,-42.24
464,-42.57
465,-46.15
466,-41.03
467,-38.69
468,-40.51
469,-40.15
470,-47.56
471,-39.7
472,-35.17
473,-39.14
474,-45.59
475,-39.23
476,-42.99
477,-42.02
478,-39.88
479,-38.81
480,-41.16
481,-40.69
482,-39.9
483,-41.8
484,-39.44
485,-41.42
486,-44.4
487,-40.62
488,-38.39
489,-41.36
490,-39.23
491,-38.3
492,-40.19
493,-37.63
494,-42.57
495,-41.13
496,-39.65
497,-40.53
498,-42.49
499,-40.98
500,-37.85
501,-40.8
502,-40.3
503,-41.21
504,-44.37
505,-42.05
506,-41.37
507,-40.65
508,-44.75
509,-40.43
510,-42.08
511,-41.21
512,-43.23
513,-39.38
514,-40.03
515,-41.36
516,-42.01
517,-43.92
518,-41.34
519,-39.67
520,-40.57
521,-42.11
522,-41.31
523,-43.1
524,-36.29
525,-42.11
526,-45.55
527,-46.54
528,-39.71
529,-38.23
530,-40.29
531,-43.62
532,-39.83
533,-40.72
534,-39.36
535,-40.29
536,-41.19
537,-42.71
538,-42.15
539,-38.44
540,-41.15
541,-39.62
542,-40.46
543,-42.75
544,-40.62
545,-42.4
546,-44.18
547,-39.92
548,-40.63
549,-39.74
550,-34.74
551,-40.26
552,-41.94
553,-44.57
554,-40.48
555,-43.06
556,-38.18
557,-41.13
558,-38.11
559,-42.91
560,-39.03
561,-43.86
562,-41.28
563,-45.47
564,-42.05
565,-44.69
566,-43.63
567,-46.35
568,-42.91
569,-40.64
570,-38.5
571,-44.91
572,-40.21
573,-44.89
574,-40.43
575,-41.31
576,-41.19
577,-44.29
578,-39.52
579,-43.51
580,-39.95
581,-41.03
582,-39.85
583,-40.05
584,-42.13
585,-44.06
586,-37.55
587,-39.25
588,-41.77
589,-41.41
590,-39.34
591,-38.1
592,-39.4
593,-42.39
594,-41.42
595,-38.93
596,-41.18
597,-41.77
598,-38.85
599,-41.75
600,-38.49
601,-46.05
602,-44.28
603,-43.01
604,-41.97
605,-40.47
606,-38.86
607,-38.19
608,-40.99
609,-39.93
610,-37.34
611,-43.07
612,-41.37
613,-38.61
614,-40.98
615,-42.47
616,-48.2
617,-37.65
618,-41.38
619,-38.4
620,-39.52
621,-40.4
622,-39.37
623,-42.06
624,-38.52
625,-44.71
626,-36.97
627,-41.36
628,-42.43
629,-41.38
630,-38.94
631,-43.33
632,-40.14
633,-41.7
634,-40.71
635,-41.1
636,-39.6
637,-39.85
638,-40.08
639,-41.15
640,-39.77
641,-42.55
642,-40.77
643,-42.14
644,-45.15
645,-43.34
646,-47.35
647,-44.24
648,-40.33
649,-44.53
650,-40.4
651,-45.86
652,-39.63
653,-41.08
654,-41.19
655,-35.8
656,-42.01
657,-39.59
658,-42.85
659,-40.99
660,-40.82
661,-40.04
662,-42.62
663,-41.27
664,-39.63
665,-42.07
666,-40.74
667,-39.88
668,-41.25
669,-41.95
670,-40.27
671,-40.65
672,-41.6
673,-40.45
674,-38.36
675,-41.59
676,-42.21
677,-48.34
678,-39.71
679,-45.98
680,-39.04
681,-43.7
682,-43.81
683,-44.6
684,-41.61
685,-42.78
686,-43.53
687,-37.93
688,-42.04
689,-38.61
690,-38.82
691,-41.82
692,-41.99
693,-41.35
694,-42.78
695,-40.35
696,-45.86
697,-43.07
698,-38.87
699,-41.26
700,-42.44
701,-43.74
702,-36.9
703,-40.89
704,-42.37
705,-39.67
706,-41.04
707,-40.58
708,-40.81
709,-42.0
710,-42.78
711,-35.27
712,-45.3
713,-41.35
714,-41.37
715,-38.93
716,-40.11
717,-42.4
718,-42.27
719,-42.74
720,-44.24
721,-37.26
722,-40.97
723,-35.67
724,-44.15
725,-37.69
726,-42.53
727,-44.79
728,-44.68
729,-37.71
730,-38.78
731,-40.87
732,-44.16
733,-38.94
734,-37.33
735,-41.54
736,-38.31
737,-42.3
738,-45.49
739,-40.34
740,-42.62
741,-42.37
742,-39.32
743,-42.34
744,-37.91
745,-41.24
746,-43.06
747,-41.21
748,-41.18
749,-39.65
750,-44.54
751,-42.9
752,-45.69
753,-39.12
754,-41.63
755,-42.2
756,-45.19
757,-45.91
758,-43.44
759,-42.91
760,-41.22
761,-37.88
762,-40.78
763,-39.8
764,-39.16
765,-41.24
766,-36.31
767,-39.95
768,-41.96
769,-40.71
770,-43.72
771,-41.74
772,-37.4
773,-37.92
774,-39.8
775,-39.02
776,-36.89
777,-40.89
778,-47.46
779,-39.32
780,-40.09
781,-41.43
782,-42.84
783,-35.73
784,-42.36
785,-41.24
786,-42.31
787,-40.03
788,-40.4
789,-38.86
790,-40.62
791,-43.44
792,-40.44
793,-42.84
794,-45.41
795,-40.03
796,-41.65
797,-40.34
798,-41.97
799,-41.45
800,-37.72
801,-39.75
802,-40.19
803,-37.91
804,-40.86
805,-43.7
806,-41.22
807,-39.09
808,-37.59
809,-38.11
810,-41.67
811,-39.16
812,-38.95
813,-39.89
814,-37.83
815,-40.69
816,-39.49
817,-35.66
818,-42.05
819,-39.39
820,-36.79
821,-39.86
822,-40.26
823,-39.04
824,-41.63
825,-40.99
826,-40.09
827,-43.87
828,-39.0
829,-38.53
830,-37.07
831,-35.68
832,-39.9
833,-37.91
834,-39.77
835,-38.33
836,-38.48
837,-43.5
838,-42.1
839,-40.39
840,-38.64
841,-40.14
842,-37.77
843,-37.65
844,-39.74
845,-42.55
846,-43.5
847,-41.47
848,-36.9
849,-38.94
850,-37.93
851,-39.21
852,-42.66
853,-39.55
854,-40.2
855,-36.41
856,-40.05
857,-39.46
858,-40.82
859,-39.96
860,-43.43
861,-39.72
862,-42.72
863,-37.77
864,-41.5
865,-40.51
866,-36.54
867,-42.04
868,-39.17
869,-37.87
870,-42.3
871,-37.78
872,-37.92
873,-39.44
874,-42.42
875,-36.93
876,-43.36
877,-42.02
878,-40.49
879,-43.93
880,-39.1
881,-39.08
882,-45.88
883,-42.15
884,-43.26
885,-41.82
886,-40.88
887,-46.26
888,-42.42
889,-40.2
890,-41.26
891,-38.3
892,-40.82
893,-37.69
894,-36.27
895,-39.15
896,-36.79
897,-40.97
898,-36.47
899,-38.23
900,-38.99
901,-42.1
902,-37.02
903,-41.7
904,-39.18
905,-39.99
906,-43.49
907,-37.32
908,-38.92
909,-37.23
910,-43.56
911,-40.94
912,-40.87
913,-38.29
914,-42.27
915,-39.44
916,-36.94
917,-39.28
918,-41.4
919,-38.5
920,-36.95
921,-39.32
922,-41.8
923,-39.71
924,-40.4
925,-35.92
926,-38.39
927,-40.9
928,-37.25
929,-39.12
930,-39.76
931,-38.78
932,-36.65
933,-38.77
934,-42.36
935,-38.63
936,-39.23
937,-41.4
938,-38.48
939,-35.78
940,-37.0
941,-39.11
942,-39.08
943,-36.54
944,-41.75
945,-38.32
946,-37.01
947,-35.9
948,-37.39
949,-39.74
950,-37.76
951,-41.56
952,-37.34
953,-38.52
954,-38.97
955,-38.41
956,-36.56
957,-38.58
958,-41.45
959,-39.67
960,-36.22
961,-38.61
962,-36.17
963,-36.41
964,-36.47
965,-45.03
966,-43.04
967,-37.35
968,-37.64
969,-42.63
970,-39.1
971,-39.14
972,-35.54
973,-37.94
974,-38.04
975,-36.74
976,-39.82
977,-36.21
978,-41.2
979,-42.34
980,-37.63
981,-38.68
982,-37.51
983,-38.18
984,-37.4
985,-37.62
986,-36.13
987,-38.08
988,-39.08
989,-38.28
990,-42.33
991,-40.13
992,-43.18
993,-38.94
994,-43.39
995,-38.44
996,-36.77
997,-41.18
998,-36.65
999,-40.56
1000,-39.03
