-170.694
-167.074
-174.726
-165.825
-170.038
-166.641
-165.941
-167.466
-172.814
-168.493
-167.402
-168.171
-173.197
-168.865
-170.343
-170.905
-169.26
-169.703
-167.489
-165.471
-172.182
-171.157
-171.138
-168.137
-169.647
-173.579
-173.19
-165.252
-169.472
-166.632
-171.408
-167.304
-162.965
-161.826
-165.741
-171.369
-170.937
-171.929
-166.157
-160.663
-172.204
-172.286
-167.365
-162.81
-166.738
-160.258
-162.207
-162.565
-162.172
-158.961
-163.754
-170.707
-162.435
-159.962
-165.664
-165.123
-163.707
-162.385
-153.57
-167.312
-166.911
-168.889
-162.818
-168.652
-158.089
-160.771
-162.264
-162.879
-166.8
-164.789
-159.555
-166.961
-164.958
-166.318
-165.98
-162.506
-162.911
-158.864
-158.614
-167.397
-156.48
-168.728
-164.339
-161.341
-165.441
-165.339
-161.98
-157.8
-163.731
-156.626
-159.293
-157.693
-156.824
-161.586
-158.035
-165.915
-155.803
-152.186
-159.353
-154.454
-157.207
-155.566
-151.864
-152.024
-160.877
-159.221
-156.974
-160.034
-159.962
-153.766
-154.88
-156.25
-158.816
-157.232
-162.918
-157.667
-159.817
-154.327
-155.313
-154.416
-153.485
-159.522
-151.532
-152.87
-150.98
-157.379
-153.47
-159.936
-154.67
-152.698
-153.209
-156.868
-154.92
-146.981
-159.832
-154.381
-160.861
-160.798
-153.577
-153.637
-155.852
-154.886
-148.871
-154.65
-148.005
-154.665
-149.086
-153.436
-152.025
-148.566
-151.063
-148.982
-150.96
-148.035
-149.364
-153.846
-149.462
-154.369
-148.033
-154.577
-157.098
-149.751
-148.92
-148.942
-152.064
-145.137
-153.361
-154.744
-147.556
-155.502
-148.78
-147.113
-150.423
-147.317
-149.745
-148.943
-152.355
-146.585
-143.895
-148.178
-149.888
-144.118
-152.118
-154.804
-150.933
-151.832
-148.031
-149.294
-140.379
-147.622
-146.714
-151.553
-150.164
-143.956
-145.003
-152.572
-149.05
-147.939
-142.684
-145.95
-147.433
-147.531
-146.352
-139.661
-146.954
-143.216
-147.34
-147.676
-148.588
-147.114
-145.009
-145.859
-138.624
-148.328
-146.593
-145.238
-144.767
-151.353
-145.806
-143.156
-144.058
-144.276
-144.608
-143.098
-144.547
-142.93
-145.003
-140.964
-145.681
-141.111
-138.111
-140.276
-149.143
-143.931
-138.975
-143.739
-145.906
-143.775
-148.726
-142.23
-140.067
-142.59
-140.097
-145.727
-139.714
-136.992
-144.929
-140.818
-142.515
-138.875
-141.368
-141.092
-141.694
-140.439
-140.778
-138.633
-143.84
-139.446
-136.855
-141.597
-139.044
-142.871
-135.739
-135.395
-143.182
-139.848
-139.051
-139.57
-137.558
-136.531
-144.245
-134.137
-141.949
-141.947
-143.485
-139.546
-139.836
-135.623
-143.057
-135.254
-136.144
-137.818
-143.663
-132.847
-137.239
-135.433
-136.785
-139.833
-134.907
-142.806
-137.217
-139.328
-140.144
-139.567
-134.822
-138.14
-136.794
-134.977
-137.49
-137.985
-135.814
-135.025
-139.339
-136.542
-133.637
-136.16
-135.741
-137.358
-135.792
-139.302
-137.456
-138.858
-130.054
-133.146
-139.337
-132.115
-134.644
-136.412
-134.388
-137.059
-136.349
-133.584
-135.522
-135.943
-140.466
-139.425
-138.946
-136.459
-137.895
-131.862
-136.229
-136.973
-132.887
-132.302
-136.289
-133.757
-134.051
-134.813
-132.462
-135.476
-134.721
-131.933
-132.801
-136.936
-135.696
-134.097
-136.719
-137.021
-134.367
-131.438
-139.211
-132.718
-133.06
-138.474
-134.143
-136.076
-135.817
-136.763
-140.74
-131.185
-131.394
-138.842
-132.966
-138.566
-136.622
-133.657
-128.002
-128.921
-134.72
-128.218
-130.623
-133.282
-134.038
-128.727
-134.96
-136.458
-135.096
-135.415
-133.276
-131.751
-130.171
-130.746
-127.613
-132.076
-129.845
-130.742
-128.444
-137.825
-131.901
-135.956
-135.926
-131.307
-125.831
-131.121
-135.499
-132.557
-133.258
-139.822
-133.095
-127.68
-134.576
-131.304
-130.653
-133.631
-133.993
-130.791
-123.177
-133.307
-131.3
-131.864
-130.48
-138.849
-129.59
-132.645
-126.238
-131.691
-129.471
-130.598
-126.051
-130.562
-131.961
-131.722
-126.416
-126.52
-127.131
-138.169
-128.988
-135.149
-131.147
-130.605
-130.809
-126.468
-131.595
-129.158
-131.826
-134.475
-130.683
-128.473
-132.231
-132.686
-128.248
-127.876
-131.001
-130.139
-129.295
-131.241
-129.028
-129.065
-129.052
-131.991
-128.806
-129.285
-126.112
-133.398
-126.337
-126.691
-122.134
-130.078
-127.895
-131.876
-125.31
-129.457
-128.439
-130.839
-131.073
-127.488
-128.485
-126.26
-134.176
-126.858
-126.62
-129.867
-133.676
-127.102
-129.864
-130.917
-131.237
-131.853
-129.58
-126.357
-126.456
-127.634
-128.29
-126.723
-128.261
-131.372
-129.477
-130.488
-131.289
-130.027
-130.093
-127.167
-127.314
-128.697
-128.111
-126.2
-128.717
-129.127
-122.671
-128.677
-129.282
-129.042
-129.22
-128.913
-130.331
-126.34
-124.959
-126.576
-123.77
-124.975
-124.143
-123.44
-127.881
-128.469
-127.241
-131.718
-130.168
-127.763
-132.11
-125.895
-132.927
-123.102
-130.814
-119.325
-128.405
-123.903
-129.27
-123.659
-123.065
-129.92
-129.148
-126.064
-128.76
-124.988
-120.006
-126.138
-127.093
-127.339
-124.407
-129.57
-128.353
-125.678
-125.119
-127.348
-131.258
-127.939
-127.601
-126.502
-121.622
-125.263
-126.686
-121.958
-128.418
-122.632
-122.329
-122.929
-121.781
-129.886
-124.637
-128.16
-127.094
-121.77
-126.628
-127.132
-126.173
-127.209
-122.686
-122.084
-122.743
-123.474
-129.087
-124.528
-124.12
-121.642
-120.488
-126.125
-123.329
-129.202
-124.292
-124.244
-125.305
-122.022
-126.625
-121.667
-123.886
-119.035
-120.282
-126.332
-122.188
-121.75
-120.98
-122.131
-119.847
-121.327
-124.929
-118.535
-122.955
-124.238
-127.739
-121.619
-121.16
-122.005
-131.665
-127.938
-121.95
-122.351
-116.788
-121.618
-121.811
-128.15
-125.229
-121.367
-122.227
-127.249
-124.602
-120.926
-121.026
-123.606
-121.732
-124.218
-124.77
-125.532
-123.668
-120.177
-122.071
-121.028
-125.445
-120.092
-120.786
-122.486
-123.072
-122.245
-119.516
-118.279
-122.081
-117.032
-120.572
-128.761
-117.478
-122.989
-118.454
-123.62
-121.884
-121.885
-120.194
-121.584
-123.71
-124.112
-119.203
-124.128
-121.78
-122.138
-121.399
-118.368
-120.969
-120.865
-123.446
-122.279
-123.354
-120.613
-121.342
-121.303
-123.39
-118.88
-124.526
-121.15
-121.042
-123.796
-121.564
-121.277
-116.206
-120.455
-116.01
-118.779
-121.82
-119.981
-116.514
-120.423
-115.344
-117.237
-120.891
-121.266
-115.436
-116.77
-120.567
-119.882
-117.134
-117.306
-120.221
-120.209
-116.585
-116.758
-116.631
-116.648
-118.013
-115.987
-119.118
-117.149
-121.504
-119.581
-118.912
-120.435
-116.022
-120.342
-119.935
-116.346
-117.132
-117.821
-118.714
-119.922
-122.411
-122.075
-118.793
-114.684
-119.213
-118.649
-118.896
-116.339
-113.531
-121.777
-112.245
-121.405
-115.869
-121.86
-122.029
-115.742
-117.72
-121.163
-115.795
-116.532
-116.851
-118.957
-116.525
-116.637
-121.72
-115.785
-121.115
-120.74
-111.177
-115.957
-118.166
-120.943
-118.429
-117.248
-117.58
-116.84
-119.39
-118.383
-119.715
-118.076
-114.863
-119.378
-118.053
-111.829
-114.103
-116.891
-115.744
-121.273
-117.761
-116.79
-112.0
-114.8
-116.793
-119.531
-109.667
-119.445
-117.215
-118.011
-121.998
-115.379
-118.62
-118.832
-120.551
-118.173
-114.486
-115.199
-117.932
-116.29
-115.672
-121.88
-120.18
-118.294
-114.939
-121.41
-115.865
-113.349
-114.96
-118.639
-116.427
-116.21
-115.741
-117.88
-111.426
-114.603
-115.607
-111.561
-114.891
-115.338
-119.998
-113.816
-116.11
-119.83
-116.175
-115.32
-118.673
-117.711
-116.75
-112.762
-116.883
-113.79
-116.458
-120.53
-115.455
-114.921
-120.045
-115.768
-115.483
-118.288
-116.378
-120.551
-111.579
-117.085
-113.725
-113.132
-114.598
-110.168
-114.674
-115.142
-113.218
-115.325
-110.811
-116.33
-114.183
-115.002
-113.298
-116.112
-112.42
-117.678
-112.986
-117.819
-116.584
-115.133
-113.442
-110.223
-111.636
-116.432
-112.681
-109.095
-113.529
-115.342
-116.158
-113.046
-112.942
-116.882
-114.431
-117.356
-113.501
-115.972
-111.726
-113.021
-120.521
-115.294
-112.461
-118.178
-116.211
-118.35
-112.546
-114.91
-115.881
-113.422
-114.943
-113.562
-113.97
-112.704
-116.384
-114.979
-113.514
-114.447
-114.628
-113.303
-117.95
-115.201
-110.247
-114.518
-113.383
-113.383
-114.855
-117.205
-114.333
-114.92
-113.808
-117.588
-115.211
-115.304
-117.851
-114.064
-113.163
-117.777
-112.925
-118.057
-111.152
-118.369
-112.694
-115.403
-114.078
-113.756
-109.717
-112.557
-113.416
-115.563
-112.561
-111.371
-113.647
-118.579
-111.773
-112.903
-111.44
-114.324
-118.43
-112.818
-115.478
-115.97
-115.057
-115.288
-113.331
-115.678
-112.3
-114.993
-117.26
-113.565
-112.47
-112.312
-111.585
-111.073
-115.093
-113.838
-112.499
-110.293
-111.081
-113.12
-114.745
-117.613
-114.167
-112.195
-114.248
-112.806
-112.383
-111.027
-118.292
-113.963
-111.895
-112.594
-115.904
-114.924
-114.63
-114.54
-110.354
-110.069
-113.955
-113.222
-112.294
-110.622
-114.475
-110.611
-112.856
-113.011
-115.592
-110.492
-111.675
-117.575
-112.867
-115.703
-111.205
-113.654
-113.611
-112.614
-112.781
-113.759
-111.385
-110.35
-112.214
-111.603
-115.084
-111.832
-110.826
-113.146
-109.28
-114.026
-110.357
-109.541
-111.362
-112.077
-109.463
-112.341
-109.525
-110.736
-114.843
-113.764
-111.852
-118.307
-112.137
-116.762
-111.102
-111.874
-113.375
-114.134
-112.09
-110.919
-111.466
-113.698
-112.521
-112.499
-114.818
-115.108
-115.198
-114.548
-114.02
-111.63
-111.182
-115.832
-114.866
-114.208
-110.554
-116.307
-116.999
-110.047
-111.905
-111.676
-115.717
-115.707
-110.92
-111.581
-114.752
-111.911
-109.161
-114.786
-110.774
-111.072
-117.863
-112.149
-113.908
-108.267
-111.749
-108.996
-109.528
-113.478
-107.607
-114.608
-112.028
-108.895
-113.852
-111.122
-112.431
-107.49
-109.271
-114.213
-112.671
-108.965
-113.211
-113.124
-110.691
-108.022
-109.386
-111.61
-105.864
-109.836
-108.897
-113.213
-109.595
-110.911
-108.872
-111.493
-111.248
-112.194
-108.85
-114.282
-111.71
-116.45
-109.831
-113.776
-110.939
-110.44
-113.143
-110.085
-106.659
-110.149
-112.662
-110.432
-105.121
-109.744
-111.777
-109.95
-112.43
-109.485
-107.169
-108.948
-111.739
-111.443
-113.322
-109.436
-115.552
-109.342
-105.804
-109.101
-106.956
-114.0
-107.812
-110.451
-107.561
-109.954
-111.672
-105.461
-111.828
-109.971
-108.572
-107.006
-109.242
-106.748
-109.777
-107.266
-109.278
-108.91
-111.411
-109.088
-113.781
-108.856
-111.066
-105.302
-104.838
-108.87
-106.111
-108.594
-107.977
-110.4
-107.725
-108.502
-108.557
-108.352
-111.111
-109.003
-104.263
-111.624
-110.091
-113.197
-115.603
-112.688
-107.156
-109.658
-109.402
-111.224
-108.416
-110.161
-108.988
-110.986
-117.102
-108.345
-108.717
-108.519
-108.954
-112.105
-111.915
-109.831
-111.598
-106.094
-109.39
-109.204
-107.442
-112.582
-110.344
-108.459
-109.381
-107.644
-106.784
-107.622
-109.115
-110.27
-107.377
-104.945
-109.572
-108.164
-110.796
-106.382
-108.635
-109.152
-109.02
-108.823
-107.529
-109.66
-110.306
-107.114
-107.988
-107.236
-109.703
-108.793
-108.113
-108.138
-110.292
-109.772
-106.991
-109.684
-106.216
-111.45
-109.206
-106.639
-107.717
-106.227
-108.834
-107.719
-108.613
-108.269
-107.306
-105.236
-108.13
-110.012
-109.05
-108.443
-108.004
-112.697
-110.532
-108.019
-104.087
-107.337
-112.19
-106.424
-113.113
-104.378
-106.069
-107.573
-104.926
-107.392
-108.105
-111.101
-108.146
-109.223
-110.385
-110.874
-106.192
-109.443
-109.695
-109.025
-106.749
-110.065
-110.176
-108.018
-106.534
-107.122
-105.782
-107.605
-107.184
-108.201
-107.129
-105.423
-111.848
-106.914
-108.398
-109.758
-102.785
-105.724
-103.898
-111.04
-111.01
-110.123
-112.521
-110.913
-106.895
-105.934
-105.16
-104.335
-110.689
-107.987
-108.178
-110.166
-105.713
-105.101
-106.343
-108.388
-105.297
-111.284
-108.272
-106.381
-108.981
-114.77
-111.83
-108.569
-113.416
-108.994
-108.896
-112.559
-106.304
-112.661
-106.964
-112.283
-110.798
-108.368
-111.133
-111.499
-110.79
-109.419
-112.286
-111.197
-113.472
-112.207
-108.086
-108.09
-104.638
-105.055
-105.596
-103.834
-108.47
-107.885
-108.41
-111.733
-110.991
-105.493
-112.312
-107.372
-109.54
-106.849
-109.404
-106.248
-104.399
-107.141
-105.641
-108.527
-108.34
-107.266
-108.469
-107.285
-108.181
-103.395
-110.274
-110.397
-108.313
-104.905
-106.855
-106.003
-108.208
-106.191
-107.216
-100.118
-107.166
-109.075
-104.397
-105.905
-101.856
-108.421
-107.319
-105.924
-104.784
-108.825
-108.084
-107.995
-107.543
-108.83
-105.982
-104.831
-107.797
-105.105
-103.791
-105.526
-107.54
-104.463
-103.84
-108.753
-106.692
-109.864
-108.448
-107.717
-106.762
-107.023
-108.209
-108.635
-103.541
-106.618
-108.773
-106.5
-109.021
-106.758
-105.109
-108.751
-108.115
-106.538
-107.841
-108.869
-104.321
-108.097
-106.785
-109.435
-107.055
-108.109
-106.648
-110.067
-101.204
-110.114
-110.2
-105.45
-108.429
-106.904
-104.457
-105.296
-109.615
-109.189
-107.122
-108.349
-106.264
-110.997
-103.823
-107.469
-107.053
-106.233
-107.944
-111.325
-108.24
-109.085
-109.703
-105.88
-107.368
-109.411
-111.899
-101.867
-112.084
-111.299
-108.442
-105.511
-105.727
-103.837
-109.941
-108.369
-111.675
-106.947
-107.491
-108.312
-107.234
-110.044
-107.749
-107.082
-106.028
-109.426
-107.434
-107.675
-103.367
-106.825
-109.956
-105.291
-109.443
-106.022
-106.048
-105.352
-107.289
-106.838
-108.946
-106.16
-105.773
-107.122
-105.875
-104.385
-108.374
-107.4
-106.715
-107.806
-109.512
-108.184
-101.59
-106.882
-104.351
-102.221
-102.951
-103.903
-105.757
-109.357
-107.498
-105.86
-107.06
-106.417
-103.575
-107.581
-107.594
-103.476
-102.207
-106.276
-105.987
-100.394
-106.871
-106.193
-103.919
-101.531
-104.476
-101.835
-107.799
-107.702
-104.84
-106.116
-104.794
-102.915
-104.94
-105.964
-105.408
-106.359
-102.03
-106.458
-104.48
-103.406
-107.6
-106.643
-106.723
-103.358
-103.265
-102.507
-106.486
-104.658
-105.939
-107.576
-104.945
-107.904
-104.582
-105.165
-103.614
-105.267
-103.059
-102.11
-106.397
-107.945
-107.553
-103.996
-106.017
-108.514
-109.164
-101.421
-101.703
-103.534
-103.915
-106.638
-105.349
-104.136
-102.128
-103.181
-108.729
-106.988
-103.697
-100.729
-105.913
-104.912
-101.989
-103.148
-103.336
-105.625
-103.573
-104.655
-104.403
-106.321
-109.028
-108.157
-101.99
-102.265
-103.404
-102.966
-104.857
-104.825
-103.841
-104.913
-104.999
-103.869
-106.028
-105.8
-108.219
-104.644
-100.745
-104.659
-102.99
-104.087
-102.093
-105.624
-102.802
-104.691
-106.547
-103.447
-103.586
-104.919
-106.152
-107.627
-103.606
-102.271
-103.331
-103.635
-104.353
-104.009
-105.604
-102.772
-104.624
-101.129
-105.722
-98.398
-103.502
-102.707
-103.523
-101.831
-101.764
-103.052
-103.489
-101.487
-104.568
-107.192
-107.041
-101.468
-103.049
-102.502
-106.027
-103.179
-102.004
-100.844
-105.124
-106.699
-103.795
-101.353
-101.469
-102.122
-100.188
-105.913
-102.53
-102.638
-105.253
-102.191
-104.025
-104.62
-106.333
-104.988
-101.366
-102.575
-105.402
-102.581
-104.528
-100.103
-105.313
-101.065
-107.451
-98.595
-104.389
-100.612
-103.004
-103.291
-102.948
-100.633
-102.789
-104.458
-103.498
-101.642
-104.022
-104.22
-104.456
-107.648
-107.261
-105.887
-107.505
-104.372
-103.021
-102.902
-101.412
-106.499
-102.159
-102.253
-103.516
-102.905
-98.373
-103.868
-105.184
-101.965
-101.262
-101.193
-105.384
-99.417
-102.032
-105.638
-104.597
-104.773
-104.495
-100.885
-104.234
-104.793
-104.936
-102.392
-102.397
-102.691
-100.408
-107.789
-103.866
-105.27
-102.694
-100.409
-98.867
-102.663
-102.265
-102.774
-105.111
-107.033
-103.468
-101.748
-105.108
-104.8
-101.591
-102.225
-102.185
-105.074
-103.092
-106.53
-103.622
-105.526
-105.003
-103.401
-102.277
-99.49
-101.269
-102.981
-104.918
-104.571
-102.897
-105.146
-103.443
-104.946
-103.04
-103.074
-104.4
-103.692
-103.536
-106.502
-105.481
-103.002
-102.319
-102.063
-102.051
-103.81
-105.587
-103.92
-106.272
-103.816
-105.498
-103.208
-104.196
-104.501
-102.108
-99.917
-102.973
-106.648
-99.875
-104.986
-102.984
-103.26
-102.453
-99.712
-102.817
-102.658
-101.685
-104.753
-105.531
-105.936
-103.012
-100.926
-103.902
-99.172
-101.301
-103.093
-105.409
-99.112
-101.744
-102.319
-103.972
-99.566
-102.391
-103.964
-106.074
-103.342
-100.807
-102.656
-102.079
-98.303
-103.479
-101.517
-101.412
-103.111
-103.887
-103.518
-103.851
-101.292
-101.557
-102.305
-102.463
-105.961
-102.971
-100.937
-103.565
-106.826
-101.584
-104.153
-99.673
-104.168
-105.897
-103.238
-100.322
-99.306
-102.625
-105.311
-102.448
-101.207
-104.011
-103.396
-106.682
-100.411
-104.965
-96.608
-99.744
-100.223
-102.193
-101.568
-101.579
-102.041
-99.942
-99.486
-97.929
-101.378
-98.417
-99.725
-101.865
-100.715
-101.694
-100.021
-101.627
-101.429
-100.26
-105.74
-104.042
-103.993
-101.847
-101.64
-105.637
-100.903
-103.168
-100.932
-100.162
-102.371
-102.08
-101.229
-101.865
-101.152
-102.949
-97.413
-101.345
-104.163
-102.24
-100.182
-104.227
-102.586
-101.122
-104.952
-99.361
-102.707
-101.463
-103.849
-101.419
-103.334
-105.657
-102.049
-98.644
-105.437
-99.201
-103.884
-97.599
-100.095
-101.423
-99.984
-100.572
-97.857
-104.73
-103.015
-102.494
-103.389
-101.682
-100.804
-100.224
-99.954
-99.152
-101.244
-102.897
-103.599
-103.666
-98.833
-103.466
-100.786
-101.418
-99.975
-98.991
-99.245
-103.702
-102.896
-99.093
-104.152
-101.787
-105.384
-98.842
-103.338
-105.372
-103.548
-99.14
-100.602
-105.718
-98.899
-101.585
-102.328
-99.5
-104.441
-100.752
-98.487
-101.175
-106.799
-105.955
-101.435
-103.942
-102.104
-99.977
-102.616
-102.389
-100.575
-101.028
-97.733
-104.031
-101.187
-102.767
-105.146
-105.317
-103.616
-106.489
-106.608
-105.327
-103.666
-101.034
-102.073
-104.464
-102.993
-102.899
-103.854
-103.131
-101.773
-107.117
-106.364
-106.411
-101.078
-102.578
-97.886
-106.495
-106.251
-101.739
-103.298
-103.877
-107.633
-101.382
-103.881
-102.128
-101.925
-101.614
-105.804
-101.935
-100.096
-102.571
-102.434
-99.845
-97.14
-103.753
-100.462
-102.076
-100.709
-100.729
-99.334
-102.695
-101.57
-100.351
-103.585
-99.679
-96.956
-102.07
-103.905
-101.252
-103.846
-100.975
-101.284
-100.956
-98.758
-103.625
-101.651
-100.179
-101.58
-104.194
-103.49
-100.624
-106.164
-105.257
-105.731
-101.905
-102.41
-105.268
-103.806
-97.199
-106.338
-102.292
