5 13
  -10773 2 2 0 1 0 1 0 0 0 0
  8073 2 1 1 1 1 3 0 0 0 2
  4772 0 4 3 2 0 0 1 1 0 4
  4854 1 1 0 0 0 1 0 0 0 0
  3041 1 0 2 4 3 1 0 0 2 0
5 12
  4904 0 2 0 0 3 0 1 0 0 0
  4026 1 0 0 0 1 1 0 0 0 0
  1555 0 4 4 1 0 1 0 1 4 0
  2796 3 0 1 1 4 0 0 1 2 2
  1128 2 2 0 4 0 0 0 0 0 1
5 13
  -3163 2 0 1 1 5 0 3 0 0 1
  3385 0 1 0 0 3 0 1 2 0 0
  -2514 0 2 2 0 1 0 2 1 0 0
  10486 2 0 1 1 5 0 3 4 0 0
  6450 0 0 1 2 5 0 6 0 0 1
5 12
  2114 6 2 1 0 0 1 1 1 4 2
  4426 2 5 0 1 0 1 2 0 0 0
  -6486 6 0 0 0 0 0 0 0 2 2
  -2509 0 0 1 1 1 0 0 1 1 0
  14555 2 1 0 0 2 1 0 0 0 0
5 13
  -12207 1 2 0 0 4 1 3 1 1 0
  -9919 0 0 2 1 2 1 1 1 0 1
  -12390 6 1 0 2 0 5 1 0 3 0
  -100 1 0 3 1 3 1 2 0 0 0
  2443 1 1 2 2 1 1 0 2 0 1
