5 17
  -9014 1 1 3 0 0 0 1 1 0 0
  -900 7 1 1 1 0 1 0 4 1 0
  649 0 4 4 2 0 0 2 2 1 1
  -626 0 1 0 4 1 0 0 0 1 0
  7460 1 1 0 5 1 0 1 0 4 1
5 16
  -15433 1 1 1 4 1 1 0 0 2 0
  -8643 2 1 2 1 0 3 0 2 0 0
  3702 0 0 3 2 2 0 3 0 0 0
  11045 3 0 2 0 3 4 2 1 0 0
  9223 2 0 2 3 2 1 1 0 1 0
5 17
  15094 0 0 0 0 3 1 0 0 0 0
  1738 1 1 0 1 6 0 1 0 0 6
  -6811 2 1 1 1 0 1 0 3 0 0
  93 0 1 1 1 3 0 2 0 0 1
  9509 1 0 4 3 0 0 0 1 0 0
5 17
  15338 0 2 0 0 0 0 1 0 0 0
  4483 0 0 5 1 1 3 0 1 2 0
  -9125 0 0 4 4 1 0 0 1 2 0
  11319 0 0 4 3 0 0 3 2 0 2
  -3380 1 3 0 0 0 0 1 0 1 0
