5 36
  -11016 1 1 5 2 0 0 1 0 4 2
  -2099 3 1 3 0 1 0 3 2 2 0
  -9405 1 0 1 0 0 0 0 0 0 1
  8558 0 3 0 1 4 1 0 1 0 2
  -7109 4 0 0 1 2 0 1 0 0 0
5 37
  4980 2 2 0 0 0 0 0 2 1 0
  -9792 2 3 4 0 0 3 4 0 1 1
  899 3 1 4 0 2 0 0 0 1 1
  13875 1 0 2 2 1 0 2 0 2 0
  7074 0 3 1 0 0 0 3 0 0 1
5 36
  1910 4 1 0 1 1 0 0 2 0 0
  10529 1 4 2 0 1 1 0 0 3 2
  -8555 0 0 3 0 2 0 0 0 2 1
  -9636 2 0 2 1 5 0 1 0 1 0
  -13363 1 1 0 1 0 0 0 0 1 1
5 37
  -13195 0 3 0 2 3 0 0 0 0 1
  3238 1 0 1 1 0 0 1 0 0 0
  -2303 1 1 1 3 0 0 2 1 0 0
  -3467 0 4 0 2 4 2 0 0 1 0
  4091 1 1 5 0 2 2 0 0 0 2
