5 33
  10850 4 2 0 3 1 0 2 7 0 0
  3723 3 2 3 1 1 0 3 1 2 1
  2682 1 0 1 3 0 1 1 0 1 0
  4344 1 3 0 6 0 0 0 3 2 3
  9846 3 0 1 4 1 0 0 0 1 0
5 34
  -11250 3 3 2 0 1 0 4 0 3 2
  -11704 2 2 1 1 1 1 0 0 0 1
  -5486 0 0 3 2 2 0 0 0 0 1
  10481 0 0 4 0 0 0 0 1 1 1
  11716 0 0 1 4 0 0 0 0 1 3
5 32
  7940 0 1 3 1 5 0 0 0 5 0
  -14951 0 3 2 1 0 0 2 0 0 0
  2224 3 0 2 4 0 0 0 1 3 3
  13585 0 1 4 3 2 0 3 1 0 6
  -13086 0 1 1 0 3 2 0 1 0 0
5 31
  -6155 4 1 3 1 0 2 1 0 0 0
  6005 0 0 3 0 0 0 0 0 1 0
  353 1 7 1 1 0 1 0 1 0 0
  -5353 1 2 1 5 1 2 0 0 1 1
  -15162 4 0 0 2 3 1 4 0 0 0
5 31
  -6568 0 2 1 4 0 2 3 0 0 2
  -1617 0 3 1 1 5 0 0 3 0 0
  4437 0 0 1 0 1 0 0 1 0 0
  6340 3 0 2 0 1 1 1 0 0 0
  4585 2 3 3 2 0 1 0 0 0 7
5 34
  8793 3 0 0 1 1 0 0 0 0 1
  2782 4 0 2 2 1 0 2 4 0 1
  4085 0 0 0 4 0 1 0 1 0 1
  -8914 0 0 0 0 4 1 0 0 0 0
  9375 1 1 1 1 4 0 0 2 0 0
5 33
  -5666 2 0 1 0 2 2 1 1 0 0
  -12906 0 3 1 1 3 1 0 0 0 4
  -3752 1 6 1 2 0 5 1 0 2 0
  15698 0 0 3 1 0 0 0 1 1 0
  1194 0 0 1 2 2 0 0 2 0 0
5 31
  -6330 1 3 1 2 0 1 0 0 0 1
  905 6 0 1 0 2 0 2 0 0 2
  -13133 0 0 3 1 0 0 0 1 0 0
  9456 4 0 0 2 1 0 1 3 0 0
  8961 1 0 0 2 4 1 0 0 0 3
5 33
  8646 0 2 2 4 0 0 0 0 3 0
  9502 2 2 0 2 1 0 0 2 1 1
  -6311 2 0 0 4 4 0 0 2 0 1
  -10946 0 1 2 3 3 4 1 3 0 0
  8197 0 4 2 1 0 0 1 0 2 0
