5 38
  7134 0 4 2 0 4 2 1 1 2 2
  -5240 0 3 0 0 1 0 0 1 0 0
  -1767 0 0 1 5 1 1 0 0 0 0
  -223 0 0 2 2 6 0 2 2 0 0
  -9875 0 1 0 2 0 0 0 1 1 0
5 40
  -1503 1 0 0 3 5 0 0 0 3 6
  -7793 2 2 3 0 3 0 5 0 1 0
  -3619 0 2 5 0 2 0 1 0 2 3
  9814 0 1 5 2 1 1 0 0 0 0
  -7846 0 1 0 3 0 0 2 0 0 0
5 39
  -855 0 1 0 2 2 0 1 2 0 0
  -2770 1 0 1 3 4 0 2 0 1 0
  -9014 3 0 3 4 0 0 0 1 4 0
  -4087 3 0 2 0 1 1 2 0 1 1
  -12369 0 0 0 2 2 0 0 1 0 1
5 41
  -7214 3 0 0 0 0 0 1 1 1 0
  -3702 2 0 1 3 1 1 0 0 0 0
  4166 4 0 0 2 4 0 0 1 0 1
  -679 4 1 2 1 0 0 0 0 2 0
  5322 1 2 3 0 3 3 1 0 0 0
