5 21
  9390 0 3 4 1 0 2 3 1 1 0
  10874 0 2 2 1 3 1 0 0 0 0
  9059 3 2 2 1 0 0 2 1 1 0
  -14588 0 0 8 0 0 0 0 0 0 2
  12132 0 1 0 1 0 0 0 1 1 0
5 20
  6417 4 1 3 2 0 0 2 1 0 0
  8892 2 0 3 5 0 3 2 0 2 1
  8591 0 2 1 2 0 0 2 0 0 1
  -13340 0 0 1 6 1 0 0 1 0 0
  11016 0 0 0 0 2 0 0 1 0 0
5 21
  9156 3 1 0 0 3 0 0 0 0 2
  -11409 1 6 1 1 1 2 2 1 0 1
  12305 1 1 5 0 0 0 1 2 2 0
  -1646 0 1 0 3 4 0 0 5 0 0
  -2711 2 0 0 0 1 1 0 0 0 2
5 20
  -6379 0 2 1 0 0 0 0 1 0 1
  1730 0 2 0 1 4 1 1 0 0 5
  10522 2 2 0 0 0 1 0 0 0 0
  12739 3 0 2 1 0 0 0 1 0 0
  -1562 0 4 0 0 3 0 0 0 0 1
5 20
  14660 1 1 0 0 0 0 0 0 1 1
  -10631 3 2 0 1 4 0 4 0 1 1
  1756 1 0 2 5 0 1 0 0 0 0
  1535 0 1 0 1 2 0 2 0 0 0
  9936 4 0 0 3 0 1 1 0 3 1
5 21
  -2349 0 1 0 0 0 0 0 1 0 0
  10649 6 0 1 2 1 0 1 1 0 0
  -12999 2 0 2 3 3 0 0 1 0 0
  3929 3 0 0 1 2 0 1 0 0 0
  -4100 0 4 0 3 2 0 0 0 3 0
5 21
  5207 0 3 0 2 0 0 2 0 0 1
  10741 0 2 0 0 3 0 0 2 0 0
  -6581 5 1 0 3 0 0 1 1 0 0
  15609 0 0 1 1 2 0 0 1 0 0
  7432 2 2 2 0 0 0 0 4 0 1
5 20
  -67 0 0 0 2 0 1 0 0 0 1
  464 2 4 3 0 0 1 0 0 1 0
  506 0 1 2 2 1 0 0 0 1 2
  -10263 2 0 0 0 3 0 0 0 1 0
  8735 0 0 3 0 0 1 0 1 0 0
5 20
  6009 1 1 3 5 0 0 1 3 0 1
  8653 3 0 6 0 1 1 0 1 1 1
  14620 0 2 1 1 6 0 0 1 0 0
  -5458 0 0 2 0 2 0 0 3 0 0
  -11488 4 2 4 0 0 2 1 1 0 0
5 20
  -2996 0 0 1 1 0 0 1 0 0 0
  1573 0 4 1 2 1 0 0 0 0 1
  5933 2 0 0 0 5 1 0 0 0 0
  -4913 0 0 2 4 0 0 0 0 0 1
  7920 1 1 3 0 4 0 2 3 1 2
