5 23
  -12919 0 1 2 5 1 0 1 1 1 1
  -15763 1 0 1 2 1 0 3 0 0 0
  8557 2 1 1 1 0 0 0 3 1 0
  3690 3 4 0 2 0 2 1 2 0 1
  -10139 0 1 2 4 0 2 1 0 3 0
5 22
  -5251 1 0 4 3 1 1 2 0 1 1
  -12059 0 5 1 4 0 3 2 0 4 0
  -7099 1 3 4 0 2 1 5 3 0 0
  12639 2 0 1 1 0 0 0 0 1 0
  -3693 8 0 0 0 0 2 1 0 1 1
5 22
  -8541 0 2 2 1 2 0 0 1 0 0
  5280 0 3 1 4 2 0 0 2 3 5
  -12107 1 2 1 3 0 0 1 0 0 1
  -222 3 0 2 3 0 0 0 0 0 2
  -4298 0 6 1 1 2 0 2 0 0 1
5 23
  -521 0 0 1 0 0 0 0 0 1 0
  2075 0 0 2 2 2 3 0 0 0 0
  8186 4 3 0 1 1 0 1 0 1 1
  -10100 1 1 6 0 2 1 4 0 0 0
  -8613 1 3 1 1 1 0 0 0 4 0
5 23
  -2186 1 1 3 2 2 2 0 0 0 1
  12139 1 0 0 1 1 0 0 0 0 2
  4739 4 1 0 0 1 0 0 2 1 1
  10160 3 0 1 0 0 0 0 0 1 1
  -3850 1 2 1 0 0 0 0 0 3 1
