5 28
  8596 0 7 0 2 0 0 1 0 0 0
  -5159 0 3 0 0 2 0 0 0 0 1
  2166 1 4 3 0 0 1 0 2 0 0
  12719 3 4 1 2 0 1 0 2 0 1
  11833 0 2 2 1 0 2 0 0 0 0
5 26
  12389 2 5 0 0 2 0 3 0 0 2
  -6746 2 0 0 2 0 2 0 0 1 0
  15747 2 4 0 0 0 1 2 0 1 2
  4850 0 4 0 1 5 6 0 0 0 0
  11785 1 3 1 2 0 1 0 0 1 0
5 28
  9943 4 1 1 0 1 2 0 1 2 1
  14229 3 0 1 0 0 1 1 0 0 0
  8254 5 0 1 2 0 0 0 3 2 0
  -3933 0 0 0 1 5 0 0 0 4 1
  8142 2 3 0 2 0 1 0 2 0 0
5 27
  13115 2 1 0 4 2 0 3 2 0 1
  14496 0 0 1 0 5 0 0 1 0 1
  -15574 0 1 1 1 7 0 1 2 0 0
  -8956 0 0 1 2 1 0 1 0 1 0
  8292 4 4 0 0 2 1 0 0 6 0
