5 24
  9600 1 0 1 1 0 0 0 0 0 1
  -7502 1 2 2 1 0 5 0 0 0 1
  12592 1 3 0 0 1 0 0 0 2 0
  4611 0 5 2 0 0 0 3 2 2 0
  4380 5 0 0 2 1 0 1 1 0 0
5 25
  12655 1 3 0 0 1 0 2 0 0 0
  -3074 0 2 0 7 0 0 0 0 0 2
  -7487 0 5 0 0 2 0 3 2 0 1
  -5689 0 0 6 0 1 1 0 0 4 0
  14568 2 4 2 0 2 0 1 0 0 2
5 24
  -1390 1 0 6 1 0 1 0 0 0 2
  -4753 1 0 4 0 2 0 0 0 2 0
  129 4 0 0 6 0 0 0 0 0 2
  14957 0 2 0 5 0 1 0 0 0 0
  -14689 2 2 0 0 1 0 2 1 0 0
5 25
  -6349 0 1 5 1 3 2 1 0 2 0
  6255 0 2 2 1 3 0 2 0 0 2
  -5449 3 2 2 1 0 0 4 0 1 1
  1752 0 4 0 0 1 1 0 1 0 0
  -9222 2 0 1 3 0 0 1 0 0 1
5 25
  7632 4 1 3 1 1 0 0 0 0 1
  653 1 0 1 1 0 0 0 0 1 1
  6167 2 2 0 0 6 2 0 1 1 3
  2446 1 1 5 3 0 0 0 0 0 6
  2428 1 3 6 0 0 0 0 0 3 1
5 24
  -6173 0 6 1 1 0 0 0 1 0 0
  4773 2 0 1 0 4 0 0 1 0 0
  2381 0 1 0 1 0 1 0 0 0 0
  -8794 3 1 1 2 2 0 0 0 1 3
  4375 0 2 2 2 0 0 1 1 0 0
5 24
  -12920 0 5 0 1 1 0 0 0 0 1
  2253 0 2 0 1 2 0 2 1 1 0
  243 3 0 0 6 1 1 3 2 1 0
  -996 0 4 0 0 2 1 0 0 0 3
  12389 1 0 1 1 2 1 0 0 0 1
5 25
  9740 0 2 1 5 2 1 0 0 0 0
  2716 1 0 0 2 5 0 0 0 1 0
  508 1 3 1 3 0 3 1 0 0 4
  -12569 1 3 1 4 1 0 0 0 2 0
  -5800 1 0 1 2 0 0 0 0 0 1
