5 49
  2848 1 1 4 3 0 3 0 3 2 1
  -1629 4 0 1 1 0 3 1 1 0 0
  -7771 6 0 2 1 0 4 0 2 1 1
  -15892 0 0 3 0 0 0 0 0 3 0
  1672 4 2 2 0 0 0 1 0 2 2
5 48
  -7110 1 1 2 0 1 2 0 1 0 1
  -13784 3 5 1 0 0 0 2 2 1 2
  15318 0 0 0 0 4 2 0 0 1 0
  -6385 6 1 1 1 1 0 0 0 1 0
  -6347 0 3 0 2 1 3 0 0 0 0
5 46
  -12416 7 0 1 0 0 0 1 2 0 0
  -5551 1 1 5 0 0 3 0 0 0 0
  2934 4 1 1 1 1 2 1 2 0 2
  577 0 1 0 6 0 0 1 0 0 1
  12541 2 1 3 2 2 0 1 0 1 0
5 47
  5486 0 0 0 1 1 1 0 0 0 0
  2838 7 0 0 0 0 0 1 1 4 0
  -5038 1 2 1 0 3 2 0 0 3 1
  15701 2 0 0 3 5 0 2 0 0 0
  1534 0 5 0 2 0 1 0 0 0 0
