-32.887
-33.232
-32.358
-33.331
-32.906
-32.697
-32.661
-32.615
-32.126
-32.869
-32.337
-31.407
-31.328
-31.361
-32.114
-31.264
-30.815
-30.369
-30.519
-29.869
-30.683
-30.203
-29.664
-29.115
-29.256
-29.765
-29.871
-29.683
-30.262
-29.357
-28.89
-29.349
-28.942
-29.461
-29.577
-29.276
-28.87
-28.691
-28.7
-29.541
-28.777
-28.521
-28.364
-28.148
-27.93
-28.894
-27.883
-28.792
-28.013
-27.331
-27.575
-28.071
-28.03
-27.657
-27.994
-26.68
-26.858
-27.54
-28.742
-27.745
-26.924
-27.518
-28.348
-27.668
-27.218
-27.14
-27.364
-27.349
-27.3
-27.155
-26.903
-27.056
-27.165
-27.886
-27.095
-26.876
-26.389
-26.811
-26.764
-26.364
-26.328
-27.005
-26.466
-26.64
-26.588
-26.142
-26.971
-26.675
-26.793
-26.451
-26.872
-26.435
-26.698
-26.343
-26.453
-26.318
-26.054
-26.474
-26.54
-26.353
-26.464
-25.956
-26.138
-26.021
-25.755
-25.499
-25.662
-26.072
-25.973
-25.736
-25.751
-26.339
-25.485
-25.729
-25.761
-25.988
-25.393
-25.506
-26.118
-25.373
-25.894
-25.355
-25.125
-25.085
-25.563
-25.187
-25.696
-25.615
-24.486
-25.124
-25.325
-25.106
-25.021
-25.227
-25.069
-24.883
-25.155
-24.934
-24.892
-24.728
-25.347
-24.81
-24.511
-24.643
-24.98
-24.66
-24.579
-24.321
-24.808
-25.174
-24.389
-24.993
-24.921
-24.48
-24.563
-24.659
-24.341
-24.692
-24.499
-24.112
-24.433
-23.892
-23.795
-24.548
-24.387
-24.358
-24.407
-24.358
-23.738
-24.109
-24.34
-24.638
-24.072
-24.35
-24.267
-24.032
-24.008
-24.343
-23.48
-24.031
-23.558
-24.19
-24.214
-23.926
-23.61
-23.902
-23.193
-23.86
-23.628
-23.761
-23.96
-23.438
-23.629
-23.374
-23.52
-23.874
-23.625
-23.542
-23.876
-23.626
-23.617
-23.246
-23.752
-23.694
-23.725
-23.791
-23.604
-23.437
-23.789
-23.649
-23.237
-23.541
-23.397
-23.15
-23.302
-23.668
-22.994
-23.095
-23.464
-23.254
-23.303
-22.961
-23.524
-22.994
-23.185
-23.215
-23.461
-23.747
-22.757
-22.994
-23.314
-23.207
-22.912
-23.345
-22.906
-23.075
-23.474
-23.114
-23.542
-23.135
-23.193
-22.865
-23.515
-23.269
-23.255
-22.822
-23.089
-23.348
-23.44
-23.106
-23.07
-23.051
-22.864
-22.962
-22.723
-22.778
-23.168
-22.522
-23.398
-22.97
-22.895
-22.553
-22.745
-23.218
-22.792
-22.648
-23.097
-22.681
-23.226
-22.626
-23.13
-23.007
-22.609
-23.006
-22.255
-22.805
-22.646
-22.429
-22.384
-22.961
-22.674
-22.508
-22.42
-22.542
-22.742
-22.735
-22.75
-22.78
-22.684
-22.743
-22.528
-22.814
-22.825
-22.829
-22.616
-22.463
-22.869
-23.025
-22.782
-22.651
-22.536
-22.821
-23.026
-22.469
-22.925
-22.494
-22.468
-22.909
-22.586
-22.516
-23.249
-22.552
-22.473
-22.35
-22.762
-22.466
-22.48
-22.334
-22.61
-22.511
-22.767
-22.541
-22.871
-22.102
-22.547
-22.334
-22.4
-22.217
-22.12
-22.54
-22.565
-22.67
-22.676
-22.331
-22.591
-22.477
-22.441
-22.55
-22.405
-22.587
-22.276
-22.421
-22.687
-22.407
-22.443
-22.448
-22.408
-22.059
-22.768
-22.529
-22.767
-22.474
-22.765
-22.416
-22.311
-22.048
-22.414
-22.622
-22.283
-22.551
-22.178
-22.273
-22.856
-22.395
-22.049
-22.224
-22.556
-22.013
-22.131
-22.434
-22.303
-22.873
-22.211
-22.561
-22.491
-22.521
-22.771
-22.229
-22.444
-22.235
-22.086
-22.402
-21.786
-22.493
-22.209
-22.468
-22.514
-22.283
-22.506
-22.55
-22.094
-22.015
-21.973
-22.426
-22.51
-22.248
-22.514
-22.544
-22.501
-22.413
-22.174
-22.576
-22.648
-22.548
-22.329
-22.334
-22.329
-22.446
-22.189
-22.039
-22.482
-22.584
-22.277
-22.333
-22.184
-22.52
-22.409
-22.442
-22.284
-22.075
-21.732
-22.318
-22.054
-21.929
-22.395
-22.372
-22.225
-22.416
-22.594
-22.457
-22.105
-22.108
-22.058
-22.257
-22.185
-22.196
-22.381
-22.36
-22.206
-22.371
-22.251
-22.031
-22.402
-22.318
-22.545
-22.072
-22.484
-22.153
-22.314
-21.641
-22.093
-21.973
-22.069
-21.734
-22.074
-22.072
