1,-32.74
2,-35.71
3,-37.03
4,-34.18
5,-34.92
6,-35.11
7,-34.81
8,-32.85
9,-35.14
10,-35.36
11,-34.79
12,-34.19
13,-34.21
14,-35.77
15,-36.45
16,-35.45
17,-35.77
18,-34.51
19,-34.34
20,-35.49
21,-33.25
22,-33.37
23,-34.92
24,-34.53
25,-39.59
26,-35.42
27,-34.31
28,-32.31
29,-37.31
30,-33.8
31,-36.53
32,-35.59
33,-34.32
34,-38.07
35,-39.3
36,-31.94
37,-35.7
38,-35.24
39,-33.75
40,-33.57
41,-37.91
42,-34.47
43,-36.48
44,-37.25
45,-33.87
46,-32.14
47,-33.42
48,-38.07
49,-33.63
50,-34.62
51,-37.38
52,-32.74
53,-33.57
54,-34.53
55,-34.24
56,-32.44
57,-35.09
58,-33.91
59,-36.41
60,-33.45
61,-35.7
62,-34.52
63,-36.42
64,-37.09
65,-35.12
66,-35.82
67,-33.51
68,-35.84
69,-32.7
70,-34.57
71,-33.02
72,-34.54
73,-36.45
74,-35.91
75,-35.26
76,-35.48
77,-32.69
78,-36.9
79,-33.44
80,-32.64
81,-35.79
82,-37.97
83,-34.04
84,-34.81
85,-32.07
86,-34.49
87,-37.22
88,-36.7
89,-34.93
90,-36.3
91,-34.19
92,-37.69
93,-38.8
94,-36.2
95,-33.05
96,-33.75
97,-36.83
98,-35.8
99,-34.68
100,-33.25
101,-34.49
102,-32.25
103,-37.47
104,-35.84
105,-33.95
106,-35.91
107,-34.6
108,-32.94
109,-32.31
110,-33.81
111,-33.07
112,-33.72
113,-34.28
114,-34.74
115,-35.86
116,-35.13
117,-33.33
118,-34.12
119,-36.19
120,-34.35
121,-36.3
122,-35.7
123,-34.59
124,-37.02
125,-33.08
126,-32.25
127,-31.62
128,-32.4
129,-34.25
130,-35.16
131,-33.87
132,-33.95
133,-33.45
134,-35.16
135,-34.57
136,-32.88
137,-33.03
138,-32.58
139,-33.17
140,-33.07
141,-35.43
142,-33.67
143,-36.06
144,-33.87
145,-35.48
146,-33.52
147,-34.3
148,-38.51
149,-34.73
150,-32.92
151,-31.75
152,-34.11
153,-35.35
154,-32.93
155,-35.03
156,-31.4
157,-33.33
158,-33.7
159,-32.99
160,-31.85
161,-33.29
162,-32.6
163,-34.26
164,-33.88
165,-35.31
166,-32.61
167,-33.52
168,-31.93
169,-32.45
170,-36.39
171,-30.83
172,-33.88
173,-33.49
174,-33.36
175,-33.63
176,-33.94
177,-32.44
178,-33.61
179,-32.01
180,-34.68
181,-35.33
182,-34.84
183,-34.47
184,-34.55
185,-33.82
186,-32.93
187,-31.92
188,-32.45
189,-34.76
190,-34.21
191,-36.57
192,-36.35
193,-34.65
194,-34.29
195,-33.81
196,-30.64
197,-32.34
198,-31.5
199,-33.5
200,-33.85
201,-37.91
202,-33.34
203,-32.81
204,-31.83
205,-31.06
206,-32.91
207,-30.98
208,-35.33
209,-31.94
210,-33.89
211,-35.06
212,-34.51
213,-33.29
214,-33.16
215,-34.87
216,-32.87
217,-35.29
218,-32.03
219,-34.76
220,-34.03
221,-34.08
222,-32.01
223,-36.22
224,-35.67
225,-32.63
226,-34.01
227,-36.45
228,-34.75
229,-34.4
230,-34.54
231,-35.51
232,-34.25
233,-34.96
234,-35.36
235,-34.44
236,-30.72
237,-29.78
238,-33.38
239,-33.6
240,-36.89
241,-34.89
242,-34.17
243,-34.78
244,-37.34
245,-32.99
246,-34.26
247,-35.04
248,-32.38
249,-34.62
250,-33.84
251,-34.66
252,-32.43
253,-33.38
254,-34.42
255,-35.83
256,-33.56
257,-33.97
258,-33.43
259,-32.24
260,-35.96
261,-32.98
262,-31.32
263,-36.17
264,-35.21
265,-32.11
266,-36.03
267,-32.43
268,-33.7
269,-34.45
270,-34.31
271,-35.14
272,-34.23
273,-34.51
274,-34.7
275,-35.16
276,-36.21
277,-35.29
278,-32.9
279,-33.7
280,-33.63
281,-32.91
282,-32.83
283,-34.75
284,-33.7
285,-35.63
286,-31.36
287,-33.63
288,-33.35
289,-34.39
290,-37.07
291,-36.67
292,-31.48
293,-33.18
294,-35.77
295,-35.34
296,-32.24
297,-31.32
298,-34.67
299,-33.28
300,-34.22
301,-32.96
302,-36.02
303,-34.64
304,-33.16
305,-35.28
306,-37.53
307,-33.1
308,-35.36
309,-33.26
310,-34.81
311,-32.02
312,-36.34
313,-34.09
314,-34.75
315,-33.65
316,-32.34
317,-33.27
318,-32.03
319,-32.91
320,-33.49
321,-33.43
322,-36.11
323,-36.48
324,-33.92
325,-34.33
326,-33.43
327,-34.31
328,-33.81
329,-34.59
330,-33.88
331,-35.13
332,-33.29
333,-32.52
334,-33.01
335,-32.8
336,-33.67
337,-33.94
338,-33.4
339,-29.68
340,-33.29
341,-32.15
342,-39.17
343,-34.01
344,-33.2
345,-30.46
346,-32.49
347,-34.44
348,-33.74
349,-32.95
350,-36.73
351,-32.3
352,-31.87
353,-33.68
354,-33.21
355,-33.67
356,-33.35
357,-30.04
358,-34.04
359,-30.56
360,-34.01
361,-34.84
362,-30.65
363,-32.47
364,-33.86
365,-31.29
366,-33.27
367,-35.79
368,-33.88
369,-33.44
370,-33.11
371,-32.71
372,-33.02
373,-34.35
374,-33.36
375,-33.79
376,-30.33
377,-32.47
378,-32.32
379,-34.17
380,-31.44
381,-31.85
382,-31.09
383,-31.33
384,-34.11
385,-32.09
386,-35.18
387,-31.1
388,-33.9
389,-32.81
390,-32.54
391,-32.77
392,-33.06
393,-32.93
394,-33.2
395,-30.54
396,-33.78
397,-30.02
398,-33.09
399,-32.72
400,-32.05
401,-34.05
402,-35.1
403,-30.62
404,-28.7
405,-33.09
406,-34.63
407,-31.71
408,-33.17
409,-32.51
410,-32.71
411,-31.58
412,-32.17
413,-34.58
414,-34.17
415,-34.78
416,-33.4
417,-33.56
418,-32.32
419,-31.26
420,-34.48
421,-31.51
422,-34.93
423,-33.89
424,-33.58
425,-33.94
426,-29.74
427,-33.77
428,-31.9
429,-30.62
430,-33.81
431,-32.21
432,-33.09
433,-32.45
434,-31.23
435,-32.72
436,-31.75
437,-32.09
438,-33.09
439,-32.71
440,-31.4
441,-31.45
442,-32.71
443,-31.94
444,-30.23
445,-30.36
446,-33.35
447,-30.77
448,-35.17
449,-34.95
450,-34.48
451,-32.47
452,-30.5
453,-32.99
454,-32.31
455,-31.31
456,-32.94
457,-33.74
458,-32.19
459,-31.3
460,-32.9
461,-31.41
462,-35.43
463,-33.21
464,-31.99
465,-32.32
466,-33.17
467,-33.65
468,-33.97
469,-31.77
470,-34.25
471,-32.0
472,-31.96
473,-34.71
474,-31.9
475,-33.08
476,-34.16
477,-34.96
478,-29.54
479,-30.4
480,-32.12
481,-30.31
482,-33.18
483,-32.83
484,-32.22
485,-32.39
486,-34.09
487,-33.09
488,-32.41
489,-31.04
490,-31.04
491,-29.32
492,-34.21
493,-30.96
494,-30.26
495,-29.79
496,-33.46
497,-32.23
498,-32.1
499,-32.66
500,-31.47
501,-31.79
502,-35.8
503,-32.62
504,-31.08
505,-31.04
506,-31.24
507,-31.46
508,-33.13
509,-31.23
510,-33.24
511,-31.58
512,-33.52
513,-33.22
514,-34.48
515,-32.61
516,-31.88
517,-31.58
518,-32.8
519,-31.98
520,-31.79
521,-35.23
522,-31.28
523,-32.07
524,-31.81
525,-32.31
526,-29.68
527,-28.86
528,-33.23
529,-31.17
530,-32.03
531,-31.85
532,-33.56
533,-31.38
534,-33.27
535,-30.3
536,-31.73
537,-31.08
538,-32.37
539,-30.17
540,-32.59
541,-31.0
542,-34.01
543,-33.24
544,-29.01
545,-32.43
546,-32.67
547,-29.67
548,-32.48
549,-32.29
550,-31.78
551,-34.44
552,-31.42
553,-31.62
554,-32.31
555,-33.31
556,-30.53
557,-31.61
558,-31.32
559,-31.87
560,-31.49
561,-34.22
562,-32.13
563,-31.24
564,-32.27
565,-34.75
566,-32.49
567,-32.23
568,-33.23
569,-30.42
570,-31.84
571,-32.64
572,-32.27
573,-33.18
574,-30.84
575,-30.79
576,-31.0
577,-34.52
578,-30.55
579,-33.5
580,-31.52
581,-29.4
582,-34.15
583,-32.85
584,-31.42
585,-32.88
586,-33.73
587,-33.24
588,-31.48
589,-34.34
590,-33.78
591,-30.53
592,-30.38
593,-29.87
594,-30.3
595,-33.58
596,-29.96
597,-30.55
598,-30.78
599,-35.71
600,-32.51
601,-35.28
602,-30.39
603,-31.61
604,-32.91
605,-30.4
606,-30.71
607,-31.58
608,-33.5
609,-30.31
610,-31.82
611,-31.96
612,-31.01
613,-32.65
614,-32.05
615,-30.78
616,-31.17
617,-32.15
618,-33.69
619,-31.49
620,-33.88
621,-30.12
622,-30.48
623,-31.7
624,-31.02
625,-32.35
626,-31.75
627,-34.36
628,-33.27
629,-35.5
630,-29.42
631,-31.17
632,-30.27
633,-29.28
634,-32.13
635,-31.21
636,-31.41
637,-32.74
638,-32.69
639,-31.96
640,-32.21
641,-30.6
642,-33.48
643,-34.68
644,-30.02
645,-31.92
646,-31.52
647,-33.1
648,-32.3
649,-28.89
650,-32.46
651,-33.35
652,-30.97
653,-32.17
654,-31.21
655,-30.53
656,-34.32
657,-31.98
658,-32.14
659,-31.37
660,-29.24
661,-31.67
662,-33.93
663,-32.66
664,-30.73
665,-30.56
666,-30.89
667,-32.4
668,-32.91
669,-29.41
670,-30.91
671,-31.44
672,-31.93
673,-33.16
674,-31.13
675,-31.87
676,-34.87
677,-30.07
678,-30.04
679,-31.42
680,-33.19
681,-33.23
682,-29.85
683,-30.82
684,-30.69
685,-30.11
686,-30.54
687,-29.91
688,-30.02
689,-34.86
690,-31.92
691,-30.24
692,-31.6
693,-31.51
694,-30.7
695,-32.73
696,-30.18
697,-32.34
698,-32.63
699,-31.72
700,-33.51
701,-30.17
702,-30.51
703,-31.63
704,-32.07
705,-31.78
706,-32.7
707,-31.37
708,-32.45
709,-31.06
710,-28.44
711,-31.79
712,-30.51
713,-31.9
714,-31.1
715,-32.32
716,-28.06
717,-28.79
718,-33.13
719,-32.07
720,-31.03
721,-30.7
722,-31.45
723,-30.63
724,-28.46
725,-30.54
726,-30.32
727,-30.86
728,-32.06
729,-32.68
730,-32.65
731,-29.97
732,-33.67
733,-33.15
734,-31.6
735,-29.62
736,-33.12
737,-29.93
738,-31.48
739,-29.47
740,-28.9
741,-33.5
742,-31.09
743,-30.94
744,-34.99
745,-33.29
746,-30.79
747,-30.04
748,-31.99
749,-31.32
750,-31.48
751,-32.61
752,-31.27
753,-30.94
754,-30.59
755,-31.05
756,-32.24
757,-28.61
758,-30.06
759,-32.23
760,-31.79
761,-30.49
762,-31.5
763,-30.0
764,-31.36
765,-34.15
766,-30.62
767,-30.06
768,-32.48
769,-33.26
770,-30.03
771,-32.16
772,-31.76
773,-28.61
774,-31.02
775,-30.31
776,-32.22
777,-30.5
778,-35.49
779,-31.31
780,-31.81
781,-33.33
782,-30.94
783,-32.45
784,-30.57
785,-30.48
786,-31.66
787,-32.14
788,-33.94
789,-30.8
790,-30.85
791,-35.03
792,-31.12
793,-32.94
794,-31.08
795,-32.36
796,-31.58
797,-31.62
798,-32.43
799,-30.34
800,-30.94
801,-32.77
802,-31.59
803,-33.49
804,-31.71
805,-34.23
806,-30.42
807,-30.65
808,-31.45
809,-31.32
810,-31.05
811,-34.0
812,-32.61
813,-31.23
814,-31.02
815,-33.35
816,-32.67
817,-32.3
818,-30.77
819,-29.44
820,-34.02
821,-31.72
822,-31.32
823,-33.51
824,-30.62
825,-28.73
826,-32.71
827,-32.03
828,-30.18
829,-31.23
830,-30.7
831,-31.28
832,-30.9
833,-30.73
834,-30.3
835,-31.96
836,-30.56
837,-30.79
838,-31.6
839,-32.26
840,-30.61
841,-31.42
842,-30.04
843,-30.6
844,-30.6
845,-31.85
846,-29.02
847,-29.88
848,-29.99
849,-29.58
850,-30.23
851,-33.0
852,-31.59
853,-29.45
854,-30.85
855,-32.55
856,-31.77
857,-32.18
858,-31.56
859,-30.52
860,-30.47
861,-32.67
862,-30.73
863,-30.33
864,-32.91
865,-31.97
866,-31.32
867,-31.23
868,-33.98
869,-30.22
870,-31.05
871,-32.53
872,-33.71
873,-31.47
874,-30.45
875,-32.62
876,-28.51
877,-33.3
878,-32.7
879,-35.22
880,-31.33
881,-32.99
882,-31.18
883,-28.66
884,-30.82
885,-31.77
886,-28.46
887,-33.57
888,-31.52
889,-32.49
890,-31.45
891,-32.39
892,-31.59
893,-31.23
894,-31.89
895,-34.11
896,-29.0
897,-31.95
898,-33.36
899,-34.25
900,-33.22
901,-31.15
902,-31.36
903,-30.04
904,-32.91
905,-32.23
906,-30.91
907,-30.9
908,-29.35
909,-28.34
910,-31.99
911,-31.69
912,-30.14
913,-28.47
914,-33.64
915,-32.13
916,-32.32
917,-31.77
918,-29.32
919,-30.12
920,-30.7
921,-32.25
922,-27.82
923,-28.72
924,-31.74
925,-31.42
926,-31.88
927,-31.65
928,-31.63
929,-30.82
930,-32.36
931,-30.91
932,-30.66
933,-30.11
934,-30.48
935,-32.07
936,-31.34
937,-32.87
938,-30.53
939,-32.05
940,-30.82
941,-29.81
942,-30.47
943,-29.81
944,-31.03
945,-32.09
946,-30.3
947,-30.75
948,-30.14
949,-29.54
950,-32.57
951,-31.0
952,-31.82
953,-32.6
954,-29.64
955,-33.47
956,-32.39
957,-30.63
958,-30.75
959,-29.39
960,-29.49
961,-30.0
962,-28.77
963,-30.92
964,-30.05
965,-34.71
966,-31.01
967,-32.46
968,-32.14
969,-30.18
970,-29.96
971,-30.45
972,-32.4
973,-31.79
974,-33.83
975,-30.45
976,-31.26
977,-32.01
978,-30.4
979,-30.84
980,-28.71
981,-30.78
982,-32.84
983,-31.07
984,-32.25
985,-28.08
986,-31.67
987,-29.54
988,-29.37
989,-29.7
990,-31.68
991,-28.61
992,-31.0
993,-29.81
994,-31.54
995,-29.48
996,-31.17
997,-32.68
998,-29.06
999,-31.99
1000,-27.88
