1,-35.8
2,-39.08
3,-36.85
4,-34.36
5,-35.37
6,-36.35
7,-35.45
8,-36.92
9,-34.84
10,-33.84
11,-36.64
12,-34.79
13,-36.47
14,-36.68
15,-33.47
16,-37.96
17,-40.01
18,-35.2
19,-35.3
20,-40.36
21,-37.75
22,-38.18
23,-35.71
24,-37.23
25,-35.85
26,-35.87
27,-37.26
28,-33.89
29,-37.24
30,-34.92
31,-38.06
32,-36.52
33,-36.87
34,-38.49
35,-32.66
36,-35.46
37,-35.73
38,-37.1
39,-38.33
40,-37.25
41,-42.12
42,-38.55
43,-40.01
44,-38.19
45,-36.24
46,-36.4
47,-39.12
48,-36.18
49,-41.83
50,-39.43
51,-37.67
52,-37.25
53,-38.01
54,-38.37
55,-40.5
56,-42.36
57,-40.56
58,-36.63
59,-39.44
60,-38.94
61,-34.07
62,-37.36
63,-37.21
64,-42.69
65,-37.71
66,-39.75
67,-40.1
68,-39.9
69,-38.27
70,-38.1
71,-38.07
72,-35.91
73,-38.62
74,-38.54
75,-36.88
76,-36.05
77,-35.19
78,-35.84
79,-34.74
80,-36.37
81,-36.62
82,-34.25
83,-37.75
84,-36.33
85,-36.98
86,-37.86
87,-38.96
88,-40.2
89,-35.7
90,-37.12
91,-34.16
92,-38.19
93,-39.42
94,-37.06
95,-36.0
96,-41.66
97,-35.23
98,-35.07
99,-34.12
100,-39.43
101,-40.41
102,-34.92
103,-36.61
104,-35.81
105,-32.07
106,-39.53
107,-38.22
108,-34.05
109,-37.35
110,-34.55
111,-33.52
112,-38.27
113,-34.27
114,-31.8
115,-36.33
116,-35.69
117,-35.53
118,-36.07
119,-34.58
120,-35.84
121,-37.92
122,-33.56
123,-33.12
124,-34.75
125,-35.12
126,-32.77
127,-36.04
128,-38.24
129,-34.17
130,-37.86
131,-34.47
132,-36.04
133,-37.37
134,-36.91
135,-34.82
136,-35.85
137,-35.64
138,-38.07
139,-34.92
140,-36.3
141,-37.47
142,-34.4
143,-34.56
144,-34.78
145,-33.84
146,-33.88
147,-33.0
148,-37.0
149,-36.36
150,-35.18
151,-35.65
152,-36.25
153,-35.55
154,-35.03
155,-38.25
156,-34.69
157,-33.85
158,-36.95
159,-36.42
160,-36.4
161,-33.83
162,-34.51
163,-33.17
164,-37.16
165,-31.18
166,-35.96
167,-35.42
168,-35.81
169,-34.28
170,-32.74
171,-34.29
172,-35.55
173,-33.65
174,-34.18
175,-31.43
176,-38.52
177,-35.31
178,-33.59
179,-33.17
180,-36.01
181,-32.08
182,-33.47
183,-35.78
184,-34.41
185,-33.09
186,-32.8
187,-33.7
188,-32.72
189,-34.8
190,-32.88
191,-31.57
192,-33.36
193,-32.11
194,-30.99
195,-31.47
196,-32.07
197,-34.99
198,-32.89
199,-34.89
200,-32.38
201,-31.19
202,-32.93
203,-32.96
204,-30.61
205,-30.85
206,-31.53
207,-31.01
208,-34.21
209,-33.33
210,-31.61
211,-33.38
212,-32.39
213,-33.42
214,-31.29
215,-33.56
216,-33.41
217,-30.5
218,-30.92
219,-29.41
220,-33.05
221,-31.19
222,-33.17
223,-30.56
224,-30.65
225,-33.31
226,-35.26
227,-31.69
228,-32.1
229,-32.75
230,-33.02
231,-31.83
232,-35.31
233,-33.77
234,-31.96
235,-33.77
236,-32.38
237,-31.53
238,-31.54
239,-31.48
240,-31.25
241,-30.61
242,-31.04
243,-31.43
244,-35.63
245,-33.71
246,-33.29
247,-32.47
248,-34.3
249,-36.36
250,-33.36
251,-31.64
252,-31.97
253,-32.46
254,-35.02
255,-32.46
256,-33.4
257,-34.7
258,-33.91
259,-31.6
260,-30.37
261,-33.6
262,-35.03
263,-32.68
264,-31.17
265,-33.24
266,-32.72
267,-31.54
268,-33.63
269,-30.37
270,-34.94
271,-31.4
272,-33.71
273,-31.93
274,-29.42
275,-30.29
276,-31.43
277,-30.59
278,-31.96
279,-31.88
280,-32.72
281,-31.7
282,-35.14
283,-30.33
284,-31.36
285,-31.24
286,-31.77
287,-34.1
288,-34.46
289,-35.17
290,-32.46
291,-30.01
292,-33.09
293,-32.89
294,-32.71
295,-31.51
296,-31.98
297,-29.61
298,-32.24
299,-31.99
300,-33.11
301,-28.82
302,-32.07
303,-32.05
304,-29.54
305,-31.89
306,-32.31
307,-30.11
308,-32.77
309,-33.61
310,-32.28
311,-35.68
312,-34.71
313,-32.18
314,-32.55
315,-31.87
316,-30.52
317,-30.64
318,-30.07
319,-30.97
320,-31.69
321,-32.35
322,-33.25
323,-29.35
324,-29.29
325,-33.41
326,-31.94
327,-31.89
328,-30.61
329,-30.86
330,-29.09
331,-29.88
332,-30.44
333,-31.04
334,-30.63
335,-29.66
336,-31.0
337,-29.94
338,-32.43
339,-29.67
340,-33.29
341,-29.16
342,-29.22
343,-30.68
344,-31.81
345,-30.21
346,-33.61
347,-29.34
348,-27.97
349,-28.26
350,-30.68
351,-31.71
352,-29.93
353,-31.36
354,-31.36
355,-30.6
356,-29.99
357,-31.87
358,-31.01
359,-28.37
360,-32.15
361,-30.34
362,-31.5
363,-31.09
364,-33.21
365,-30.17
366,-29.66
367,-29.17
368,-32.13
369,-31.12
370,-30.48
371,-31.78
372,-30.67
373,-27.92
374,-31.13
375,-32.05
376,-29.33
377,-30.66
378,-34.3
379,-29.06
380,-31.83
381,-30.07
382,-32.36
383,-32.14
384,-29.48
385,-31.97
386,-32.2
387,-32.86
388,-31.96
389,-30.8
390,-33.62
391,-30.45
392,-30.71
393,-31.53
394,-29.15
395,-31.99
396,-30.52
397,-32.01
398,-31.91
399,-28.91
400,-29.63
401,-28.11
402,-31.68
403,-30.97
404,-28.48
405,-29.32
406,-31.47
407,-30.11
408,-32.19
409,-30.92
410,-30.12
411,-31.53
412,-31.26
413,-30.08
414,-30.5
415,-29.06
416,-31.03
417,-29.35
418,-29.45
419,-31.42
420,-32.55
421,-29.87
422,-30.12
423,-31.89
424,-29.84
425,-33.18
426,-30.85
427,-31.98
428,-33.48
429,-30.46
430,-31.67
431,-30.39
432,-32.13
433,-31.1
434,-32.12
435,-28.25
436,-30.44
437,-30.56
438,-29.72
439,-31.23
440,-28.41
441,-33.56
442,-32.53
443,-30.63
444,-32.93
445,-31.11
446,-30.74
447,-30.32
448,-32.92
449,-30.77
450,-30.82
451,-31.37
452,-31.39
453,-31.6
454,-30.61
455,-33.71
456,-31.72
457,-28.11
458,-29.9
459,-33.9
460,-33.6
461,-29.64
462,-29.02
463,-30.22
464,-32.15
465,-30.11
466,-31.17
467,-30.77
468,-29.51
469,-31.96
470,-31.69
471,-29.88
472,-33.22
473,-29.58
474,-30.84
475,-30.32
476,-30.22
477,-32.99
478,-29.96
479,-30.72
480,-31.25
481,-27.9
482,-30.8
483,-32.26
484,-30.5
485,-28.77
486,-29.9
487,-30.98
488,-31.79
489,-29.58
490,-31.59
491,-29.69
492,-33.49
493,-33.6
494,-29.7
495,-27.89
496,-31.33
497,-32.48
498,-31.23
499,-33.51
500,-30.05
501,-31.09
502,-29.07
503,-31.79
504,-30.19
505,-31.79
506,-33.2
507,-33.61
508,-34.2
509,-32.13
510,-32.19
511,-29.64
512,-29.07
513,-32.04
514,-29.89
515,-31.29
516,-29.78
517,-32.87
518,-31.43
519,-31.44
520,-28.69
521,-31.3
522,-30.78
523,-32.24
524,-29.92
525,-31.59
526,-34.42
527,-30.46
528,-28.49
529,-29.88
530,-33.98
531,-32.06
532,-30.89
533,-31.05
534,-31.83
535,-30.33
536,-28.94
537,-32.43
538,-32.02
539,-32.48
540,-32.37
541,-31.0
542,-30.5
543,-32.73
544,-30.89
545,-31.02
546,-30.53
547,-32.54
548,-29.68
549,-33.37
550,-32.31
551,-31.84
552,-31.13
553,-31.89
554,-30.02
555,-31.22
556,-30.87
557,-30.54
558,-32.93
559,-30.69
560,-33.29
561,-30.6
562,-30.13
563,-29.11
564,-29.84
565,-30.59
566,-29.76
567,-29.2
568,-30.58
569,-32.31
570,-28.76
571,-29.19
572,-31.7
573,-30.47
574,-29.11
575,-33.99
576,-31.82
577,-30.11
578,-29.75
579,-29.59
580,-28.98
581,-30.52
582,-29.52
583,-30.84
584,-29.86
585,-29.5
586,-33.07
587,-30.11
588,-32.25
589,-32.26
590,-29.97
591,-31.8
592,-31.14
593,-31.32
594,-29.96
595,-31.61
596,-30.75
597,-30.16
598,-31.59
599,-32.16
600,-30.31
601,-30.81
602,-30.69
603,-31.38
604,-29.39
605,-30.96
606,-32.17
607,-28.77
608,-33.83
609,-32.17
610,-31.55
611,-33.53
612,-30.93
613,-32.26
614,-29.42
615,-28.68
616,-32.88
617,-29.15
618,-30.36
619,-30.96
620,-29.33
621,-29.85
622,-31.73
623,-31.15
624,-32.11
625,-33.43
626,-31.1
627,-31.3
628,-32.7
629,-32.05
630,-30.05
631,-33.3
632,-30.21
633,-32.47
634,-30.91
635,-29.92
636,-32.23
637,-30.97
638,-30.87
639,-30.28
640,-30.37
641,-30.84
642,-30.45
643,-29.95
644,-31.88
645,-31.17
646,-30.45
647,-30.39
648,-33.25
649,-30.13
650,-30.87
651,-32.03
652,-30.09
653,-33.14
654,-30.71
655,-29.77
656,-32.51
657,-31.18
658,-31.06
659,-30.71
660,-29.01
661,-33.39
662,-29.33
663,-29.57
664,-32.32
665,-31.95
666,-32.57
667,-31.68
668,-27.26
669,-32.61
670,-30.88
671,-32.25
672,-30.52
673,-32.47
674,-31.08
675,-31.57
676,-29.69
677,-30.24
678,-30.15
679,-28.94
680,-29.69
681,-31.89
682,-29.83
683,-29.53
684,-31.71
685,-34.74
686,-30.72
687,-31.15
688,-28.9
689,-31.04
690,-28.89
691,-30.47
692,-30.74
693,-28.99
694,-30.67
695,-30.99
696,-30.94
697,-30.83
698,-31.19
699,-32.39
700,-30.78
701,-28.41
702,-29.59
703,-28.34
704,-29.88
705,-28.72
706,-30.11
707,-31.6
708,-27.42
709,-29.02
710,-28.06
711,-29.57
712,-32.68
713,-28.89
714,-30.86
715,-31.64
716,-29.5
717,-30.97
718,-31.37
719,-32.43
720,-30.59
721,-27.5
722,-30.01
723,-30.83
724,-27.55
725,-30.47
726,-32.13
727,-32.92
728,-31.55
729,-27.52
730,-31.21
731,-30.26
732,-29.89
733,-30.17
734,-30.67
735,-33.65
736,-30.52
737,-28.9
738,-28.7
739,-31.27
740,-29.8
741,-29.21
742,-27.27
743,-31.08
744,-28.43
745,-31.01
746,-30.68
747,-28.5
748,-28.7
749,-28.61
750,-32.42
751,-29.32
752,-29.55
753,-31.14
754,-28.47
755,-30.51
756,-32.16
757,-30.37
758,-30.85
759,-30.87
760,-30.35
761,-27.75
762,-32.94
763,-31.82
764,-30.76
765,-30.8
766,-33.66
767,-28.14
768,-29.18
769,-30.12
770,-30.95
771,-28.97
772,-31.05
773,-34.17
774,-32.04
775,-31.48
776,-31.63
777,-31.4
778,-31.32
779,-31.65
780,-29.75
781,-29.33
782,-31.7
783,-30.75
784,-33.27
785,-32.14
786,-30.13
787,-29.72
788,-28.29
789,-31.55
790,-30.44
791,-32.46
792,-30.23
793,-29.51
794,-30.22
795,-29.05
796,-30.38
797,-30.36
798,-32.63
799,-29.54
800,-31.93
801,-30.23
802,-30.41
803,-29.01
804,-30.73
805,-29.44
806,-28.19
807,-29.26
808,-34.59
809,-30.42
810,-29.27
811,-30.1
812,-29.74
813,-29.81
814,-31.06
815,-29.65
816,-29.66
817,-35.4
818,-31.39
819,-29.12
820,-32.53
821,-30.75
822,-30.94
823,-28.81
824,-31.4
825,-32.15
826,-33.34
827,-30.6
828,-30.98
829,-29.15
830,-32.29
831,-30.93
832,-33.19
833,-30.26
834,-30.75
835,-29.43
836,-29.93
837,-31.93
838,-32.56
839,-27.93
840,-29.47
841,-32.28
842,-29.09
843,-30.74
844,-29.23
845,-31.42
846,-31.3
847,-29.44
848,-31.94
849,-29.11
850,-30.36
851,-31.68
852,-32.27
853,-30.94
854,-31.72
855,-31.57
856,-28.38
857,-29.13
858,-30.84
859,-31.84
860,-31.3
861,-30.51
862,-32.69
863,-32.08
864,-30.95
865,-31.36
866,-29.22
867,-32.65
868,-32.58
869,-28.34
870,-29.95
871,-29.86
872,-31.98
873,-31.06
874,-32.49
875,-33.59
876,-30.25
877,-30.08
878,-31.91
879,-31.04
880,-32.25
881,-34.2
882,-30.18
883,-30.51
884,-30.14
885,-31.53
886,-28.54
887,-29.84
888,-30.53
889,-31.17
890,-31.43
891,-28.3
892,-28.76
893,-30.85
894,-31.97
895,-30.15
896,-33.84
897,-32.08
898,-28.53
899,-29.38
900,-31.48
901,-32.73
902,-29.91
903,-30.13
904,-31.68
905,-31.05
906,-31.15
907,-34.11
908,-32.71
909,-27.96
910,-30.15
911,-29.4
912,-30.68
913,-31.56
914,-31.13
915,-28.24
916,-32.53
917,-33.88
918,-30.91
919,-30.45
920,-31.77
921,-30.13
922,-29.6
923,-30.0
924,-32.03
925,-30.31
926,-31.04
927,-31.0
928,-30.28
929,-29.99
930,-30.03
931,-30.71
932,-32.26
933,-28.77
934,-32.77
935,-29.59
936,-29.91
937,-29.97
938,-32.67
939,-34.26
940,-33.54
941,-30.35
942,-28.98
943,-28.99
944,-29.58
945,-32.02
946,-32.67
947,-30.74
948,-28.14
949,-29.78
950,-30.2
951,-30.13
952,-31.27
953,-31.72
954,-33.55
955,-28.7
956,-30.33
957,-33.69
958,-30.55
959,-29.33
960,-33.71
961,-28.03
962,-31.77
963,-34.01
964,-32.03
965,-29.29
966,-28.9
967,-29.25
968,-30.74
969,-28.91
970,-32.97
971,-31.37
972,-31.01
973,-34.04
974,-31.14
975,-28.92
976,-30.48
977,-30.25
978,-32.34
979,-32.14
980,-30.79
981,-32.2
982,-30.27
983,-31.64
984,-29.15
985,-30.72
986,-29.94
987,-33.38
988,-31.04
989,-31.92
990,-34.04
991,-32.94
992,-31.0
993,-32.81
994,-29.27
995,-34.16
996,-33.25
997,-33.21
998,-31.12
999,-30.24
1000,-32.56
