1,-37.13
2,-38.26
3,-34.23
4,-35.36
5,-34.46
6,-35.04
7,-36.29
8,-37.21
9,-34.56
10,-33.76
11,-33.06
12,-34.69
13,-35.88
14,-36.47
15,-33.98
16,-33.24
17,-31.74
18,-32.35
19,-34.99
20,-32.04
21,-35.39
22,-36.61
23,-35.06
24,-35.25
25,-29.84
26,-34.56
27,-32.02
28,-34.8
29,-30.62
30,-34.36
31,-32.37
32,-32.3
33,-34.38
34,-29.71
35,-30.88
36,-31.86
37,-31.49
38,-32.3
39,-30.55
40,-32.16
41,-30.66
42,-29.91
43,-31.14
44,-32.04
45,-30.88
46,-32.75
47,-31.93
48,-33.57
49,-31.9
50,-28.0
51,-29.99
52,-29.39
53,-29.92
54,-32.37
55,-30.51
56,-31.43
57,-30.01
58,-34.87
59,-29.49
60,-31.88
61,-30.49
62,-28.21
63,-30.66
64,-30.95
65,-31.67
66,-32.83
67,-33.58
68,-31.38
69,-30.23
70,-31.69
71,-28.66
72,-31.01
73,-30.87
74,-29.42
75,-30.8
76,-31.58
77,-32.07
78,-30.99
79,-28.51
80,-32.35
81,-29.72
82,-28.39
83,-31.01
84,-30.96
85,-30.7
86,-31.69
87,-30.71
88,-28.88
89,-30.45
90,-30.02
91,-31.44
92,-30.89
93,-30.07
94,-29.99
95,-28.32
96,-29.69
97,-29.88
98,-31.13
99,-30.65
100,-28.35
101,-32.81
102,-30.0
103,-29.4
104,-29.34
105,-28.87
106,-30.01
107,-28.58
108,-31.22
109,-30.33
110,-30.83
111,-29.82
112,-28.73
113,-30.65
114,-29.64
115,-33.63
116,-30.93
117,-29.56
118,-29.74
119,-29.84
120,-33.1
121,-29.34
122,-30.78
123,-30.81
124,-30.43
125,-31.7
126,-29.6
127,-28.3
128,-28.36
129,-29.63
130,-30.18
131,-29.67
132,-29.26
133,-29.52
134,-27.76
135,-28.4
136,-28.46
137,-28.81
138,-28.33
139,-29.94
140,-28.97
141,-30.13
142,-29.47
143,-28.63
144,-28.64
145,-28.92
146,-29.98
147,-30.84
148,-28.13
149,-26.06
150,-30.79
151,-31.35
152,-28.28
153,-27.74
154,-27.52
155,-29.16
156,-28.43
157,-27.48
158,-29.12
159,-29.15
160,-26.55
161,-27.85
162,-28.56
163,-30.09
164,-29.08
165,-27.1
166,-29.14
167,-29.24
168,-29.84
169,-28.46
170,-29.25
171,-27.68
172,-29.64
173,-27.83
174,-27.56
175,-28.77
176,-29.3
177,-28.77
178,-29.49
179,-26.21
180,-28.48
181,-29.71
182,-28.31
183,-28.85
184,-27.88
185,-26.95
186,-27.74
187,-28.38
188,-28.4
189,-28.53
190,-26.71
191,-27.69
192,-26.87
193,-28.82
194,-28.0
195,-27.6
196,-30.24
197,-27.5
198,-26.99
199,-28.57
200,-28.18
201,-25.97
202,-29.18
203,-25.78
204,-28.67
205,-29.46
206,-27.67
207,-27.04
208,-29.32
209,-27.97
210,-29.52
211,-27.66
212,-27.37
213,-26.6
214,-25.57
215,-27.78
216,-28.38
217,-27.78
218,-27.39
219,-26.87
220,-28.57
221,-27.44
222,-28.95
223,-26.85
224,-26.37
225,-27.83
226,-26.78
227,-26.31
228,-27.45
229,-28.02
230,-27.78
231,-26.96
232,-28.2
233,-28.58
234,-27.23
235,-26.25
236,-27.99
237,-26.11
238,-28.04
239,-27.34
240,-27.64
241,-26.54
242,-27.07
243,-27.31
244,-28.36
245,-28.17
246,-27.02
247,-26.75
248,-27.66
249,-26.09
250,-28.52
251,-27.05
252,-28.38
253,-27.99
254,-27.61
255,-25.07
256,-26.83
257,-27.43
258,-27.35
259,-28.78
260,-28.25
261,-27.24
262,-27.96
263,-28.54
264,-28.98
265,-27.47
266,-27.28
267,-25.5
268,-27.31
269,-26.88
270,-26.71
271,-26.65
272,-25.14
273,-25.99
274,-27.33
275,-27.07
276,-26.44
277,-25.96
278,-27.28
279,-27.47
280,-26.25
281,-26.77
282,-24.86
283,-26.24
284,-26.4
285,-27.19
286,-24.69
287,-26.57
288,-25.9
289,-25.13
290,-25.98
291,-26.31
292,-24.8
293,-26.47
294,-25.13
295,-25.42
296,-26.06
297,-25.7
298,-25.7
299,-24.81
300,-24.71
301,-25.21
302,-25.0
303,-24.62
304,-24.82
305,-24.83
306,-24.68
307,-25.48
308,-23.94
309,-24.37
310,-24.74
311,-23.88
312,-24.81
313,-25.25
314,-24.84
315,-25.37
316,-23.91
317,-24.34
318,-24.45
319,-23.65
320,-25.16
321,-24.05
322,-24.45
323,-23.79
324,-23.6
325,-23.96
326,-23.96
327,-23.98
328,-22.25
329,-23.84
330,-22.98
331,-22.87
332,-23.89
333,-22.07
334,-23.18
335,-23.03
336,-23.46
337,-23.97
338,-23.81
339,-23.46
340,-24.33
341,-23.07
342,-23.39
343,-22.24
344,-22.85
345,-23.29
346,-23.54
347,-21.68
348,-22.4
349,-23.59
350,-21.32
351,-23.1
352,-24.14
353,-22.86
354,-23.36
355,-23.57
356,-23.81
357,-22.77
358,-22.56
359,-22.63
360,-23.4
361,-23.31
362,-23.22
363,-22.91
364,-24.04
365,-23.18
366,-22.38
367,-23.4
368,-22.56
369,-22.21
370,-22.42
371,-22.03
372,-21.15
373,-23.09
374,-22.59
375,-21.94
376,-23.29
377,-21.73
378,-22.64
379,-23.02
380,-23.57
381,-22.31
382,-22.02
383,-20.67
384,-23.11
385,-22.24
386,-23.06
387,-22.68
388,-22.33
389,-22.33
390,-21.9
391,-21.97
392,-22.18
393,-22.69
394,-21.91
395,-22.39
396,-22.34
397,-22.13
398,-22.02
399,-22.07
400,-22.52
401,-22.16
402,-21.45
403,-21.89
404,-21.61
405,-22.86
406,-20.9
407,-22.8
408,-22.0
409,-21.67
410,-21.62
411,-22.53
412,-22.0
413,-21.38
414,-21.7
415,-22.29
416,-21.8
417,-21.98
418,-21.87
419,-21.11
420,-22.47
421,-21.96
422,-22.65
423,-21.99
424,-21.87
425,-22.3
426,-21.21
427,-21.05
428,-22.62
429,-22.49
430,-23.36
431,-21.13
432,-21.49
433,-21.56
434,-22.0
435,-21.79
436,-23.48
437,-22.24
438,-21.72
439,-21.37
440,-21.86
441,-21.82
442,-21.6
443,-22.77
444,-21.42
445,-21.92
446,-21.73
447,-22.28
448,-20.91
449,-21.74
450,-21.9
451,-22.69
452,-21.93
453,-23.05
454,-21.9
455,-21.71
456,-22.09
457,-21.25
458,-21.25
459,-22.22
460,-21.68
461,-21.2
462,-21.69
463,-21.83
464,-21.56
465,-21.9
466,-22.13
467,-21.7
468,-21.58
469,-20.73
470,-22.12
471,-21.88
472,-21.61
473,-22.48
474,-21.59
475,-20.73
476,-20.93
477,-21.93
478,-21.28
479,-21.53
480,-20.86
481,-21.25
482,-21.49
483,-21.19
484,-21.63
485,-20.71
486,-22.1
487,-21.58
488,-22.15
489,-21.4
490,-21.54
491,-20.91
492,-22.02
493,-20.85
494,-22.05
495,-21.83
496,-22.48
497,-21.98
498,-21.57
499,-21.6
500,-21.7
501,-22.7
502,-21.79
503,-22.55
504,-21.61
505,-21.19
506,-20.57
507,-21.07
508,-22.26
509,-20.95
510,-20.98
511,-21.11
512,-21.88
513,-21.82
514,-22.0
515,-20.95
516,-21.18
517,-22.33
518,-21.26
519,-21.94
520,-20.97
521,-21.71
522,-21.69
523,-21.74
524,-21.38
525,-21.43
526,-21.3
527,-21.66
528,-21.55
529,-21.82
530,-21.26
531,-22.17
532,-21.55
533,-21.02
534,-21.19
535,-21.68
536,-21.69
537,-21.58
538,-22.21
539,-21.43
540,-20.77
541,-21.18
542,-20.99
543,-20.62
544,-20.99
545,-21.93
546,-21.55
547,-21.44
548,-21.06
549,-21.82
550,-21.18
551,-21.47
552,-21.81
553,-21.7
554,-21.17
555,-21.29
556,-21.64
557,-21.73
558,-21.12
559,-20.99
560,-21.48
561,-21.86
562,-21.13
563,-21.78
564,-20.46
565,-21.58
566,-21.03
567,-20.6
568,-21.93
569,-20.66
570,-20.81
571,-21.53
572,-21.33
573,-23.03
574,-20.99
575,-21.43
576,-21.64
577,-21.33
578,-21.45
579,-21.4
580,-21.75
581,-21.34
582,-21.46
583,-21.59
584,-20.56
585,-20.76
586,-21.34
587,-21.49
588,-21.03
589,-21.98
590,-20.66
591,-22.26
592,-20.7
593,-21.85
594,-21.23
595,-21.07
596,-21.29
597,-21.64
598,-21.12
599,-21.74
600,-20.9
601,-22.32
602,-20.59
603,-21.27
604,-21.33
605,-21.68
606,-21.65
607,-22.04
608,-21.53
609,-20.53
610,-22.17
611,-20.89
612,-21.51
613,-21.29
614,-21.55
615,-21.69
616,-20.93
617,-21.17
618,-20.52
619,-21.57
620,-21.56
621,-20.94
622,-21.82
623,-21.0
624,-21.32
625,-22.4
626,-21.72
627,-21.22
628,-21.13
629,-21.24
630,-22.06
631,-22.04
632,-21.7
633,-21.41
634,-21.2
635,-21.47
636,-21.0
637,-22.0
638,-21.77
639,-20.98
640,-21.69
641,-21.12
642,-21.09
643,-21.82
644,-20.81
645,-21.14
646,-21.68
647,-21.55
648,-21.45
649,-21.56
650,-21.7
651,-22.1
652,-21.14
653,-20.99
654,-21.07
655,-21.18
656,-21.57
657,-20.67
658,-21.48
659,-21.97
660,-22.32
661,-22.18
662,-21.38
663,-21.67
664,-21.99
665,-21.21
666,-21.78
667,-22.83
668,-21.93
669,-20.96
670,-21.01
671,-21.88
672,-21.24
673,-21.2
674,-21.02
675,-20.71
676,-21.36
677,-21.62
678,-21.59
679,-22.63
680,-21.82
681,-20.79
682,-21.08
683,-22.08
684,-21.55
685,-21.3
686,-20.79
687,-21.86
688,-21.52
689,-21.34
690,-21.6
691,-21.05
692,-21.04
693,-21.49
694,-22.54
695,-22.74
696,-22.74
697,-21.22
698,-21.73
699,-20.56
700,-20.9
701,-21.22
702,-21.74
703,-22.57
704,-21.63
705,-21.95
706,-21.27
707,-22.38
708,-21.25
709,-20.21
710,-22.09
711,-20.96
712,-21.56
713,-22.17
714,-22.32
715,-21.49
716,-22.44
717,-21.56
718,-20.58
719,-21.25
720,-21.47
721,-21.53
722,-20.94
723,-21.3
724,-22.06
725,-21.4
726,-20.85
727,-20.75
728,-21.94
729,-21.42
730,-21.26
731,-21.49
732,-20.65
733,-21.84
734,-20.72
735,-20.4
736,-21.41
737,-20.49
738,-21.06
739,-21.24
740,-21.98
741,-21.89
742,-20.41
743,-21.51
744,-21.01
745,-21.49
746,-22.3
747,-21.78
748,-21.01
749,-21.76
750,-21.75
751,-20.53
752,-20.14
753,-20.74
754,-21.64
755,-21.16
756,-21.22
757,-21.06
758,-21.71
759,-21.1
760,-21.18
761,-20.95
762,-22.6
763,-21.53
764,-22.23
765,-21.94
766,-20.81
767,-21.0
768,-21.78
769,-21.62
770,-20.33
771,-21.93
772,-21.02
773,-22.02
774,-21.11
775,-20.77
776,-20.99
777,-21.46
778,-21.42
779,-20.9
780,-21.83
781,-21.12
782,-20.33
783,-21.04
784,-21.94
785,-21.19
786,-21.57
787,-22.48
788,-21.37
789,-21.27
790,-21.31
791,-21.35
792,-21.53
793,-20.78
794,-21.24
795,-21.41
796,-21.08
797,-21.9
798,-22.29
799,-20.71
800,-20.99
801,-20.99
802,-20.58
803,-21.94
804,-20.57
805,-21.61
806,-20.94
807,-21.19
808,-21.23
809,-20.85
810,-21.36
811,-21.31
812,-21.34
813,-21.72
814,-21.72
815,-21.93
816,-21.27
817,-21.36
818,-20.84
819,-20.91
820,-21.17
821,-21.27
822,-21.43
823,-20.72
824,-21.13
825,-21.16
826,-21.79
827,-21.44
828,-21.93
829,-22.14
830,-21.34
831,-22.27
832,-21.33
833,-21.84
834,-21.57
835,-21.77
836,-22.54
837,-21.19
838,-21.14
839,-21.85
840,-20.81
841,-21.46
842,-21.96
843,-21.08
844,-21.33
845,-21.29
846,-20.97
847,-21.35
848,-21.05
849,-21.82
850,-21.61
851,-20.97
852,-20.62
853,-21.91
854,-21.24
855,-21.71
856,-21.72
857,-22.02
858,-20.5
859,-21.43
860,-21.97
861,-20.93
862,-22.65
863,-22.08
864,-21.22
865,-20.95
866,-20.87
867,-20.6
868,-21.07
869,-20.91
870,-20.39
871,-20.94
872,-21.4
873,-20.74
874,-21.25
875,-21.44
876,-21.71
877,-21.64
878,-21.16
879,-21.34
880,-21.66
881,-21.25
882,-21.09
883,-21.79
884,-21.82
885,-20.6
886,-21.41
887,-20.98
888,-21.0
889,-20.88
890,-21.64
891,-20.86
892,-21.74
893,-21.04
894,-20.93
895,-21.67
896,-19.98
897,-21.7
898,-19.98
899,-21.63
900,-21.81
901,-21.81
902,-20.82
903,-21.85
904,-20.96
905,-21.02
906,-21.26
907,-21.38
908,-20.6
909,-21.31
910,-21.21
911,-21.94
912,-21.28
913,-22.02
914,-21.06
915,-20.88
916,-21.04
917,-20.78
918,-21.62
919,-22.3
920,-20.66
921,-21.6
922,-21.77
923,-21.82
924,-21.04
925,-21.39
926,-21.16
927,-21.19
928,-22.22
929,-22.24
930,-21.27
931,-21.49
932,-20.46
933,-21.51
934,-21.67
935,-21.17
936,-21.49
937,-20.77
938,-21.33
939,-21.07
940,-21.4
941,-20.75
942,-21.38
943,-20.99
944,-21.08
945,-22.22
946,-21.49
947,-21.77
948,-20.93
949,-20.56
950,-21.59
951,-20.93
952,-21.2
953,-20.52
954,-21.41
955,-21.34
956,-20.99
957,-21.61
958,-21.05
959,-21.43
960,-21.92
961,-21.12
962,-21.72
963,-20.98
964,-21.89
965,-21.88
966,-21.24
967,-22.07
968,-21.91
969,-21.18
970,-21.64
971,-21.22
972,-21.97
973,-22.25
974,-21.08
975,-21.55
976,-22.08
977,-21.21
978,-20.65
979,-21.37
980,-21.71
981,-21.68
982,-21.67
983,-20.88
984,-21.29
985,-21.36
986,-21.36
987,-21.41
988,-21.46
989,-21.24
990,-20.58
991,-21.25
992,-21.66
993,-20.97
994,-20.82
995,-20.75
996,-22.15
997,-20.95
998,-21.58
999,-20.51
1000,-20.93
