1,-31.46
2,-32.25
3,-33.06
4,-33.38
5,-34.5
6,-34.06
7,-34.23
8,-34.81
9,-33.11
10,-31.2
11,-30.97
12,-32.1
13,-32.34
14,-31.16
15,-29.21
16,-32.32
17,-32.74
18,-32.97
19,-33.55
20,-29.37
21,-32.38
22,-32.54
23,-32.1
24,-32.68
25,-31.69
26,-31.93
27,-32.7
28,-32.96
29,-35.23
30,-31.78
31,-31.55
32,-35.99
33,-32.97
34,-30.8
35,-31.61
36,-34.27
37,-32.57
38,-31.15
39,-33.01
40,-31.89
41,-33.31
42,-34.54
43,-32.66
44,-33.21
45,-32.92
46,-35.01
47,-35.79
48,-33.49
49,-34.49
50,-34.56
51,-31.89
52,-30.85
53,-31.61
54,-30.48
55,-32.56
56,-32.63
57,-31.66
58,-32.29
59,-29.79
60,-31.26
61,-32.72
62,-33.52
63,-32.28
64,-30.64
65,-30.95
66,-31.29
67,-29.48
68,-31.88
69,-30.14
70,-30.57
71,-28.96
72,-30.64
73,-29.82
74,-29.63
75,-33.7
76,-34.02
77,-33.7
78,-29.93
79,-29.67
80,-32.31
81,-30.84
82,-30.26
83,-31.91
84,-30.33
85,-31.05
86,-31.9
87,-31.26
88,-30.5
89,-31.15
90,-31.29
91,-34.92
92,-34.57
93,-33.19
94,-30.87
95,-33.26
96,-29.53
97,-30.17
98,-33.31
99,-31.9
100,-29.26
101,-33.02
102,-31.35
103,-29.47
104,-30.03
105,-32.34
106,-29.21
107,-31.03
108,-30.02
109,-27.89
110,-33.37
111,-35.61
112,-32.53
113,-33.21
114,-28.91
115,-31.12
116,-30.94
117,-31.7
118,-32.12
119,-30.63
120,-32.7
121,-30.22
122,-30.15
123,-33.33
124,-31.42
125,-27.6
126,-34.15
127,-31.96
128,-33.64
129,-30.95
130,-32.64
131,-31.44
132,-33.71
133,-33.93
134,-33.55
135,-34.44
136,-30.18
137,-31.2
138,-33.52
139,-33.86
140,-30.68
141,-30.23
142,-34.07
143,-32.18
144,-33.06
145,-32.16
146,-32.61
147,-33.09
148,-29.2
149,-30.96
150,-33.17
151,-30.72
152,-34.51
153,-30.27
154,-32.56
155,-27.34
156,-34.55
157,-28.77
158,-30.05
159,-32.12
160,-32.42
161,-29.24
162,-30.57
163,-31.94
164,-30.23
165,-29.52
166,-31.42
167,-30.8
168,-33.02
169,-31.56
170,-31.76
171,-31.1
172,-28.22
173,-30.74
174,-28.59
175,-31.03
176,-33.49
177,-31.99
178,-32.37
179,-30.62
180,-34.6
181,-32.48
182,-34.3
183,-31.24
184,-31.72
185,-32.26
186,-28.73
187,-32.42
188,-32.71
189,-29.52
190,-29.64
191,-31.4
192,-32.83
193,-29.35
194,-30.65
195,-30.57
196,-29.94
197,-30.26
198,-31.9
199,-28.56
200,-31.38
201,-31.2
202,-30.84
203,-31.43
204,-31.67
205,-32.03
206,-31.91
207,-29.55
208,-30.81
209,-32.72
210,-31.56
211,-31.41
212,-29.36
213,-30.25
214,-29.66
215,-31.9
216,-31.14
217,-32.19
218,-32.49
219,-31.22
220,-28.91
221,-30.97
222,-30.68
223,-28.8
224,-29.6
225,-31.25
226,-29.03
227,-29.33
228,-28.3
229,-31.35
230,-31.48
231,-31.22
232,-30.66
233,-33.3
234,-31.18
235,-31.53
236,-29.52
237,-29.97
238,-33.66
239,-33.66
240,-32.04
241,-30.44
242,-31.44
243,-30.44
244,-32.48
245,-30.91
246,-29.13
247,-32.75
248,-31.51
249,-31.12
250,-33.14
251,-35.3
252,-35.25
253,-31.84
254,-31.27
255,-29.63
256,-32.42
257,-30.9
258,-31.67
259,-28.36
260,-31.77
261,-30.68
262,-28.8
263,-30.89
264,-32.75
265,-29.65
266,-33.07
267,-29.94
268,-32.48
269,-32.34
270,-31.06
271,-30.94
272,-30.39
273,-33.11
274,-29.87
275,-30.87
276,-32.98
277,-30.04
278,-29.92
279,-31.21
280,-32.03
281,-30.14
282,-32.91
283,-32.92
284,-32.85
285,-28.9
286,-29.68
287,-30.19
288,-30.91
289,-30.25
290,-33.62
291,-29.8
292,-30.48
293,-32.71
294,-28.35
295,-32.68
296,-30.32
297,-29.97
298,-31.43
299,-31.97
300,-30.67
301,-30.81
302,-32.38
303,-29.3
304,-29.98
305,-32.16
306,-34.33
307,-32.51
308,-32.05
309,-31.98
310,-31.51
311,-33.91
312,-33.61
313,-30.25
314,-33.49
315,-30.65
316,-32.38
317,-31.0
318,-31.73
319,-32.28
320,-31.85
321,-29.11
322,-32.21
323,-33.03
324,-29.57
325,-35.3
326,-32.05
327,-33.01
328,-32.63
329,-34.25
330,-33.22
331,-30.6
332,-33.93
333,-34.1
334,-31.61
335,-30.52
336,-31.39
337,-30.42
338,-33.2
339,-32.18
340,-32.26
341,-33.79
342,-30.79
343,-31.78
344,-33.71
345,-33.21
346,-32.81
347,-35.37
348,-34.33
349,-31.22
350,-34.1
351,-34.38
352,-30.0
353,-31.23
354,-31.29
355,-30.68
356,-32.17
357,-32.09
358,-34.34
359,-34.91
360,-33.93
361,-29.36
362,-29.49
363,-31.13
364,-31.24
365,-34.22
366,-31.49
367,-30.6
368,-32.78
369,-30.67
370,-30.69
371,-32.66
372,-29.74
373,-32.6
374,-32.28
375,-32.18
376,-31.19
377,-34.72
378,-33.86
379,-30.23
380,-31.17
381,-30.77
382,-31.13
383,-33.1
384,-28.25
385,-31.75
386,-30.05
387,-30.89
388,-30.25
389,-30.7
390,-30.33
391,-31.93
392,-32.8
393,-30.22
394,-30.36
395,-28.2
396,-28.47
397,-31.24
398,-31.65
399,-29.32
400,-32.56
401,-31.1
402,-29.58
403,-30.44
404,-29.02
405,-30.37
406,-32.3
407,-29.65
408,-30.26
409,-29.72
410,-27.62
411,-32.01
412,-30.2
413,-29.76
414,-31.75
415,-28.22
416,-32.99
417,-28.49
418,-30.41
419,-29.0
420,-29.31
421,-30.82
422,-30.01
423,-28.91
424,-30.81
425,-31.35
426,-30.64
427,-30.42
428,-31.3
429,-29.22
430,-27.51
431,-30.5
432,-29.55
433,-30.66
434,-28.48
435,-31.16
436,-31.88
437,-31.88
438,-31.45
439,-31.1
440,-28.48
441,-31.78
442,-30.25
443,-29.05
444,-29.75
445,-31.45
446,-28.35
447,-29.88
448,-31.93
449,-29.58
450,-31.68
451,-28.68
452,-28.5
453,-30.54
454,-33.15
455,-30.36
456,-31.34
457,-30.07
458,-30.86
459,-30.98
460,-31.22
461,-31.83
462,-30.13
463,-31.38
464,-27.2
465,-31.47
466,-30.3
467,-29.6
468,-28.51
469,-29.19
470,-31.33
471,-29.76
472,-27.82
473,-32.05
474,-30.51
475,-32.98
476,-31.92
477,-30.71
478,-31.17
479,-32.58
480,-30.99
481,-32.64
482,-33.82
483,-32.2
484,-33.02
485,-34.55
486,-29.71
487,-32.64
488,-30.62
489,-30.64
490,-32.27
491,-31.31
492,-31.5
493,-30.18
494,-31.88
495,-31.75
496,-28.95
497,-33.1
498,-28.65
499,-30.08
500,-30.82
501,-32.37
502,-32.14
503,-33.43
504,-29.03
505,-29.6
506,-31.23
507,-31.82
508,-32.9
509,-30.9
510,-32.43
511,-32.86
512,-32.26
513,-31.75
514,-33.22
515,-29.99
516,-30.72
517,-31.53
518,-31.55
519,-33.26
520,-30.44
521,-30.33
522,-34.1
523,-30.12
524,-31.85
525,-30.12
526,-32.25
527,-32.72
528,-32.6
529,-29.62
530,-32.22
531,-30.03
532,-34.18
533,-30.9
534,-30.43
535,-31.85
536,-31.06
537,-29.52
538,-31.77
539,-30.95
540,-33.47
541,-32.91
542,-29.84
543,-33.99
544,-35.87
545,-31.95
546,-34.5
547,-31.63
548,-32.08
549,-30.99
550,-32.21
551,-34.16
552,-35.01
553,-31.61
554,-34.42
555,-33.55
556,-34.45
557,-33.42
558,-30.43
559,-31.48
560,-31.98
561,-32.54
562,-35.49
563,-32.39
564,-33.78
565,-35.83
566,-33.66
567,-33.76
568,-29.83
569,-31.14
570,-34.21
571,-33.46
572,-33.4
573,-32.75
574,-31.57
575,-33.42
576,-32.04
577,-35.64
578,-30.66
579,-36.93
580,-33.97
581,-35.67
582,-30.19
583,-32.14
584,-33.58
585,-31.5
586,-30.66
587,-35.97
588,-34.43
589,-34.26
590,-33.33
591,-34.08
592,-31.76
593,-32.5
594,-30.63
595,-32.8
596,-29.96
597,-33.94
598,-34.23
599,-32.53
600,-33.14
601,-33.48
602,-33.03
603,-32.02
604,-32.64
605,-30.75
606,-32.26
607,-33.5
608,-34.24
609,-30.97
610,-33.09
611,-34.75
612,-32.34
613,-33.88
614,-33.59
615,-32.17
616,-34.04
617,-30.58
618,-33.24
619,-32.95
620,-32.6
621,-29.56
622,-32.1
623,-32.85
624,-32.86
625,-31.49
626,-32.24
627,-34.35
628,-33.12
629,-32.79
630,-32.63
631,-31.15
632,-34.3
633,-32.31
634,-32.53
635,-32.5
636,-34.77
637,-33.86
638,-34.42
639,-33.3
640,-31.86
641,-34.94
642,-32.44
643,-33.71
644,-32.12
645,-33.94
646,-36.43
647,-34.49
648,-33.68
649,-28.67
650,-32.17
651,-32.74
652,-32.5
653,-31.24
654,-32.33
655,-32.83
656,-31.35
657,-31.34
658,-31.42
659,-33.18
660,-32.43
661,-35.56
662,-33.08
663,-32.11
664,-36.91
665,-32.55
666,-31.79
667,-34.77
668,-31.94
669,-32.61
670,-33.0
671,-33.71
672,-36.47
673,-32.66
674,-32.57
675,-32.29
676,-33.02
677,-34.81
678,-32.32
679,-31.14
680,-33.81
681,-31.85
682,-38.46
683,-35.27
684,-32.85
685,-33.46
686,-36.89
687,-33.59
688,-30.75
689,-33.47
690,-31.32
691,-32.15
692,-33.47
693,-34.68
694,-33.22
695,-32.7
696,-33.05
697,-35.26
698,-34.69
699,-36.15
700,-33.5
701,-35.64
702,-33.05
703,-34.88
704,-33.02
705,-32.58
706,-32.51
707,-33.28
708,-32.52
709,-33.05
710,-30.56
711,-31.73
712,-32.25
713,-32.14
714,-31.69
715,-32.86
716,-34.0
717,-32.0
718,-32.27
719,-34.47
720,-31.48
721,-32.5
722,-32.72
723,-34.82
724,-33.12
725,-36.91
726,-32.5
727,-31.81
728,-32.35
729,-34.7
730,-33.85
731,-33.84
732,-33.39
733,-37.25
734,-33.58
735,-29.88
736,-34.13
737,-30.69
738,-33.9
739,-33.04
740,-34.15
741,-32.74
742,-32.53
743,-34.05
744,-32.86
745,-31.86
746,-34.5
747,-36.38
748,-35.73
749,-33.28
750,-34.36
751,-29.98
752,-32.15
753,-32.26
754,-30.17
755,-33.61
756,-32.59
757,-31.6
758,-33.59
759,-32.17
760,-32.51
761,-32.4
762,-31.87
763,-32.37
764,-32.78
765,-33.09
766,-33.14
767,-34.65
768,-31.01
769,-31.79
770,-31.16
771,-31.33
772,-35.23
773,-32.42
774,-30.7
775,-31.68
776,-34.32
777,-31.77
778,-29.92
779,-34.1
780,-34.98
781,-35.38
782,-32.87
783,-31.49
784,-32.07
785,-33.35
786,-29.55
787,-33.64
788,-36.79
789,-32.82
790,-30.04
791,-33.67
792,-32.92
793,-32.63
794,-34.24
795,-32.03
796,-34.93
797,-34.37
798,-34.04
799,-31.95
800,-33.01
801,-32.22
802,-30.97
803,-30.89
804,-32.67
805,-32.25
806,-33.14
807,-32.96
808,-31.47
809,-30.63
810,-33.61
811,-30.64
812,-28.53
813,-32.36
814,-32.01
815,-31.83
816,-31.82
817,-31.64
818,-30.83
819,-30.71
820,-34.04
821,-33.27
822,-30.32
823,-32.7
824,-30.69
825,-31.0
826,-31.34
827,-32.86
828,-31.12
829,-32.61
830,-29.55
831,-31.69
832,-31.16
833,-32.63
834,-30.75
835,-29.11
836,-33.34
837,-28.65
838,-31.67
839,-30.77
840,-33.64
841,-30.73
842,-30.27
843,-33.07
844,-30.83
845,-29.4
846,-33.06
847,-31.14
848,-30.48
849,-31.72
850,-30.46
851,-31.8
852,-32.75
853,-32.19
854,-32.64
855,-33.73
856,-31.22
857,-29.98
858,-29.71
859,-31.77
860,-28.94
861,-32.91
862,-31.66
863,-28.9
864,-30.13
865,-32.27
866,-31.52
867,-30.23
868,-28.84
869,-33.62
870,-33.85
871,-34.95
872,-32.58
873,-34.13
874,-31.84
875,-33.84
876,-31.33
877,-30.99
878,-31.02
879,-33.02
880,-31.15
881,-31.41
882,-32.31
883,-32.35
884,-32.84
885,-31.58
886,-32.78
887,-30.84
888,-29.92
889,-33.96
890,-32.95
891,-28.7
892,-33.78
893,-32.51
894,-29.53
895,-31.22
896,-34.54
897,-31.29
898,-30.42
899,-30.6
900,-30.77
901,-32.92
902,-31.67
903,-31.21
904,-31.86
905,-33.36
906,-31.16
907,-28.76
908,-32.22
909,-31.18
910,-31.21
911,-32.81
912,-32.35
913,-33.27
914,-31.22
915,-31.86
916,-35.09
917,-30.92
918,-32.91
919,-29.48
920,-32.64
921,-32.57
922,-30.8
923,-31.98
924,-29.48
925,-30.46
926,-34.5
927,-30.97
928,-32.98
929,-34.84
930,-30.56
931,-32.95
932,-30.62
933,-32.69
934,-31.7
935,-33.22
936,-33.47
937,-34.81
938,-30.98
939,-32.23
940,-32.25
941,-31.62
942,-32.22
943,-31.87
944,-30.14
945,-31.87
946,-35.11
947,-32.59
948,-29.38
949,-32.51
950,-32.32
951,-31.88
952,-33.61
953,-31.99
954,-32.23
955,-32.94
956,-32.08
957,-30.93
958,-32.96
959,-33.39
960,-32.11
961,-33.09
962,-36.04
963,-31.95
964,-30.04
965,-31.91
966,-30.83
967,-31.51
968,-32.74
969,-32.41
970,-30.57
971,-34.27
972,-31.56
973,-32.8
974,-29.55
975,-31.9
976,-32.66
977,-30.2
978,-33.73
979,-35.74
980,-30.72
981,-31.5
982,-31.54
983,-31.55
984,-32.13
985,-31.83
986,-31.75
987,-29.52
988,-31.96
989,-33.07
990,-31.35
991,-30.9
992,-32.7
993,-29.52
994,-32.89
995,-31.5
996,-32.07
997,-29.55
998,-32.18
999,-32.39
1000,-32.11
