1,-35.86
2,-36.29
3,-34.58
4,-33.79
5,-36.17
6,-36.02
7,-32.43
8,-37.27
9,-34.65
10,-34.24
11,-36.46
12,-36.62
13,-34.8
14,-34.66
15,-34.76
16,-34.79
17,-34.97
18,-34.42
19,-34.32
20,-34.47
21,-33.83
22,-32.92
23,-33.68
24,-35.31
25,-34.52
26,-34.76
27,-33.41
28,-38.36
29,-33.93
30,-34.47
31,-34.53
32,-34.42
33,-36.86
34,-35.48
35,-34.11
36,-36.2
37,-34.86
38,-35.43
39,-33.67
40,-34.66
41,-33.25
42,-34.69
43,-34.14
44,-36.25
45,-33.14
46,-31.59
47,-35.14
48,-34.68
49,-33.35
50,-36.48
51,-34.05
52,-33.84
53,-30.92
54,-33.39
55,-33.44
56,-31.99
57,-37.85
58,-32.89
59,-32.9
60,-33.93
61,-34.7
62,-32.42
63,-33.31
64,-32.13
65,-34.31
66,-33.93
67,-32.22
68,-33.92
69,-32.53
70,-33.84
71,-33.16
72,-33.08
73,-37.64
74,-34.14
75,-34.61
76,-32.76
77,-34.41
78,-34.8
79,-32.57
80,-32.23
81,-32.45
82,-31.64
83,-31.82
84,-35.21
85,-35.62
86,-32.27
87,-31.95
88,-31.34
89,-34.36
90,-34.34
91,-33.32
92,-32.39
93,-35.54
94,-29.84
95,-32.82
96,-33.13
97,-35.29
98,-31.56
99,-32.47
100,-33.32
101,-33.22
102,-33.66
103,-34.74
104,-31.78
105,-33.1
106,-33.5
107,-30.61
108,-32.84
109,-34.57
110,-33.26
111,-33.37
112,-32.49
113,-32.78
114,-33.34
115,-33.33
116,-33.46
117,-32.23
118,-31.17
119,-31.63
120,-30.47
121,-34.29
122,-33.34
123,-32.41
124,-32.41
125,-32.76
126,-33.45
127,-32.19
128,-31.42
129,-31.6
130,-31.98
131,-32.08
132,-32.66
133,-34.49
134,-32.65
135,-33.04
136,-31.0
137,-34.29
138,-30.17
139,-31.03
140,-33.92
141,-35.43
142,-32.85
143,-31.6
144,-30.99
145,-31.65
146,-32.53
147,-32.19
148,-33.96
149,-31.25
150,-32.53
151,-31.3
152,-34.05
153,-31.28
154,-32.39
155,-32.35
156,-31.0
157,-32.65
158,-32.12
159,-32.17
160,-32.31
161,-30.74
162,-31.56
163,-31.45
164,-32.98
165,-30.48
166,-33.51
167,-30.03
168,-32.43
169,-29.57
170,-32.43
171,-31.52
172,-32.42
173,-31.33
174,-32.26
175,-32.76
176,-32.23
177,-33.49
178,-31.29
179,-32.0
180,-31.17
181,-32.32
182,-33.47
183,-32.47
184,-31.3
185,-31.76
186,-32.59
187,-33.16
188,-32.77
189,-30.0
190,-33.52
191,-31.3
192,-32.37
193,-31.89
194,-32.8
195,-32.61
196,-30.81
197,-32.56
198,-33.28
199,-33.62
200,-32.43
201,-32.21
202,-31.74
203,-31.19
204,-32.89
205,-31.02
206,-32.24
207,-32.04
208,-32.05
209,-32.83
210,-31.47
211,-30.59
212,-30.8
213,-31.58
214,-30.02
215,-30.83
216,-32.85
217,-30.94
218,-31.56
219,-30.8
220,-31.13
221,-31.46
222,-32.81
223,-31.75
224,-31.01
225,-29.8
226,-32.94
227,-31.78
228,-31.08
229,-31.39
230,-29.84
231,-33.3
232,-31.7
233,-31.29
234,-29.81
235,-31.52
236,-31.35
237,-30.75
238,-30.98
239,-31.65
240,-29.69
241,-29.52
242,-28.88
243,-32.33
244,-30.46
245,-30.58
246,-31.56
247,-30.04
248,-31.73
249,-30.34
250,-33.76
251,-32.18
252,-31.26
253,-29.59
254,-30.4
255,-32.83
256,-31.12
257,-32.13
258,-31.79
259,-29.91
260,-31.16
261,-30.71
262,-29.89
263,-29.1
264,-29.86
265,-31.49
266,-31.67
267,-30.76
268,-29.82
269,-31.25
270,-31.06
271,-29.82
272,-30.49
273,-28.47
274,-31.98
275,-31.05
276,-30.29
277,-30.22
278,-30.89
279,-29.87
280,-29.54
281,-30.9
282,-31.74
283,-30.87
284,-30.51
285,-32.32
286,-31.55
287,-29.01
288,-30.61
289,-28.71
290,-31.32
291,-28.63
292,-31.92
293,-28.4
294,-30.17
295,-29.46
296,-31.66
297,-30.87
298,-31.54
299,-28.14
300,-30.47
301,-31.09
302,-29.31
303,-32.63
304,-29.25
305,-30.02
306,-30.87
307,-31.32
308,-29.32
309,-31.7
310,-29.79
311,-29.72
312,-31.97
313,-29.53
314,-28.78
315,-32.39
316,-31.04
317,-29.98
318,-31.08
319,-31.79
320,-31.29
321,-32.0
322,-30.07
323,-30.28
324,-31.51
325,-29.75
326,-29.84
327,-29.03
328,-32.14
329,-29.84
330,-28.64
331,-30.75
332,-31.69
333,-29.22
334,-31.9
335,-31.11
336,-29.15
337,-29.3
338,-30.82
339,-29.01
340,-29.67
341,-29.15
342,-30.28
343,-31.37
344,-28.74
345,-30.81
346,-29.59
347,-31.61
348,-31.93
349,-32.79
350,-30.35
351,-31.37
352,-31.65
353,-28.73
354,-30.36
355,-29.46
356,-29.68
357,-29.53
358,-31.6
359,-30.28
360,-30.09
361,-30.4
362,-29.17
363,-30.13
364,-29.23
365,-31.12
366,-28.98
367,-32.16
368,-30.81
369,-28.92
370,-31.53
371,-31.75
372,-28.99
373,-29.19
374,-27.62
375,-30.91
376,-31.68
377,-30.96
378,-30.2
379,-31.48
380,-32.41
381,-29.01
382,-28.77
383,-30.79
384,-29.58
385,-28.39
386,-27.94
387,-29.47
388,-30.28
389,-32.06
390,-31.0
391,-31.88
392,-30.83
393,-29.08
394,-28.76
395,-28.03
396,-30.35
397,-30.04
398,-31.73
399,-28.5
400,-29.88
401,-30.64
402,-29.11
403,-30.48
404,-30.69
405,-29.8
406,-30.42
407,-31.12
408,-29.35
409,-28.73
410,-30.09
411,-30.18
412,-29.86
413,-27.18
414,-30.59
415,-28.19
416,-30.37
417,-31.12
418,-30.08
419,-29.39
420,-30.89
421,-31.95
422,-27.89
423,-30.06
424,-31.32
425,-29.69
426,-30.57
427,-31.35
428,-29.62
429,-29.79
430,-28.5
431,-30.32
432,-28.38
433,-29.97
434,-30.5
435,-28.56
436,-29.41
437,-32.04
438,-26.95
439,-30.18
440,-30.5
441,-29.11
442,-30.58
443,-29.5
444,-28.98
445,-29.0
446,-29.02
447,-29.33
448,-28.14
449,-29.28
450,-29.46
451,-30.94
452,-29.42
453,-28.78
454,-28.38
455,-28.83
456,-29.34
457,-31.17
458,-29.85
459,-30.79
460,-28.59
461,-29.53
462,-29.14
463,-30.99
464,-28.66
465,-30.08
466,-29.31
467,-28.92
468,-29.42
469,-31.34
470,-28.02
471,-30.43
472,-29.02
473,-29.79
474,-28.33
475,-28.42
476,-29.06
477,-26.89
478,-30.11
479,-28.71
480,-29.34
481,-30.29
482,-28.93
483,-27.94
484,-29.23
485,-29.35
486,-27.26
487,-30.7
488,-28.82
489,-31.01
490,-28.56
491,-28.73
492,-28.59
493,-28.7
494,-29.71
495,-28.79
496,-31.39
497,-29.3
498,-28.15
499,-29.87
500,-27.46
501,-27.84
502,-27.17
503,-30.07
504,-29.18
505,-29.42
506,-29.09
507,-29.89
508,-29.85
509,-29.64
510,-30.11
511,-29.52
512,-28.85
513,-29.69
514,-27.11
515,-29.48
516,-29.11
517,-30.34
518,-26.73
519,-29.62
520,-29.17
521,-28.97
522,-29.28
523,-27.99
524,-29.46
525,-27.46
526,-27.83
527,-28.72
528,-29.81
529,-29.0
530,-29.43
531,-29.05
532,-30.25
533,-28.09
534,-29.14
535,-28.73
536,-30.27
537,-30.83
538,-29.07
539,-29.03
540,-28.16
541,-28.95
542,-27.13
543,-28.81
544,-29.27
545,-30.33
546,-29.27
547,-29.35
548,-28.74
549,-28.28
550,-29.01
551,-28.42
552,-28.08
553,-29.28
554,-29.36
555,-30.26
556,-28.99
557,-27.97
558,-31.03
559,-30.59
560,-26.73
561,-28.84
562,-30.73
563,-27.04
564,-28.93
565,-29.68
566,-28.52
567,-28.08
568,-29.98
569,-29.09
570,-28.35
571,-27.69
572,-26.34
573,-28.54
574,-28.23
575,-27.71
576,-27.56
577,-28.33
578,-28.71
579,-27.11
580,-28.06
581,-27.89
582,-28.59
583,-26.91
584,-29.05
585,-26.65
586,-29.01
587,-28.72
588,-29.09
589,-27.36
590,-27.31
591,-27.9
592,-28.86
593,-28.69
594,-28.66
595,-30.38
596,-27.81
597,-28.81
598,-29.1
599,-30.16
600,-28.27
601,-28.45
602,-29.99
603,-28.82
604,-30.34
605,-28.82
606,-28.37
607,-29.77
608,-27.58
609,-27.72
610,-29.01
611,-27.58
612,-27.96
613,-27.96
614,-28.08
615,-27.03
616,-29.05
617,-27.6
618,-26.58
619,-28.66
620,-29.64
621,-29.54
622,-27.39
623,-28.18
624,-28.14
625,-27.85
626,-27.55
627,-27.36
628,-29.06
629,-29.32
630,-27.22
631,-29.92
632,-27.56
633,-28.69
634,-29.12
635,-26.79
636,-26.6
637,-27.62
638,-27.49
639,-29.5
640,-27.42
641,-27.53
642,-28.69
643,-27.95
644,-29.02
645,-28.01
646,-28.59
647,-27.63
648,-28.74
649,-27.2
650,-27.94
651,-27.04
652,-29.57
653,-29.05
654,-27.58
655,-28.8
656,-29.4
657,-28.21
658,-28.37
659,-27.44
660,-27.14
661,-25.89
662,-27.69
663,-27.97
664,-29.99
665,-29.5
666,-27.96
667,-29.26
668,-28.75
669,-27.23
670,-27.93
671,-27.78
672,-26.93
673,-27.21
674,-26.84
675,-26.04
676,-28.85
677,-30.07
678,-28.63
679,-27.63
680,-28.95
681,-25.96
682,-27.74
683,-29.75
684,-27.45
685,-29.02
686,-27.01
687,-29.05
688,-29.3
689,-28.24
690,-27.7
691,-28.12
692,-27.34
693,-25.93
694,-27.27
695,-28.05
696,-25.75
697,-27.08
698,-30.0
699,-27.64
700,-27.56
701,-26.77
702,-29.09
703,-26.51
704,-26.12
705,-27.95
706,-29.16
707,-28.02
708,-27.68
709,-26.95
710,-28.88
711,-28.16
712,-28.15
713,-27.57
714,-25.96
715,-27.19
716,-28.81
717,-26.22
718,-28.31
719,-28.25
720,-27.95
721,-27.06
722,-27.15
723,-28.13
724,-27.78
725,-26.9
726,-27.81
727,-26.94
728,-27.8
729,-27.99
730,-27.34
731,-27.15
732,-28.2
733,-27.08
734,-27.27
735,-26.36
736,-26.89
737,-27.78
738,-27.05
739,-28.29
740,-26.5
741,-27.51
742,-27.14
743,-26.45
744,-26.83
745,-27.62
746,-27.12
747,-26.96
748,-27.86
749,-27.39
750,-27.77
751,-26.08
752,-25.87
753,-27.04
754,-26.61
755,-28.3
756,-26.01
757,-27.8
758,-27.55
759,-26.75
760,-27.6
761,-27.67
762,-29.5
763,-26.39
764,-26.8
765,-28.51
766,-28.46
767,-26.68
768,-27.73
769,-27.54
770,-27.4
771,-26.96
772,-28.22
773,-29.09
774,-27.13
775,-27.69
776,-29.31
777,-26.35
778,-27.55
779,-27.92
780,-27.49
781,-26.11
782,-27.35
783,-26.72
784,-27.06
785,-27.57
786,-26.77
787,-26.66
788,-26.68
789,-25.9
790,-29.11
791,-28.61
792,-27.98
793,-25.71
794,-27.41
795,-27.68
796,-26.51
797,-27.27
798,-25.1
799,-29.28
800,-25.94
801,-26.38
802,-26.26
803,-28.93
804,-28.32
805,-27.22
806,-27.6
807,-27.75
808,-26.91
809,-27.65
810,-25.14
811,-26.91
812,-28.06
813,-26.85
814,-28.56
815,-26.79
816,-28.25
817,-28.04
818,-28.09
819,-26.06
820,-27.51
821,-27.61
822,-27.19
823,-26.39
824,-26.61
825,-28.48
826,-28.89
827,-27.45
828,-28.01
829,-25.8
830,-27.29
831,-25.86
832,-27.51
833,-27.55
834,-26.33
835,-27.67
836,-25.68
837,-26.82
838,-26.89
839,-26.23
840,-27.64
841,-27.88
842,-28.35
843,-26.15
844,-27.76
845,-26.33
846,-28.16
847,-27.61
848,-28.16
849,-25.56
850,-27.27
851,-26.14
852,-27.48
853,-26.58
854,-27.48
855,-26.59
856,-26.26
857,-26.05
858,-26.12
859,-26.96
860,-26.81
861,-26.62
862,-26.81
863,-26.8
864,-26.44
865,-27.32
866,-28.82
867,-24.7
868,-28.13
869,-27.11
870,-26.18
871,-27.3
872,-27.1
873,-26.69
874,-26.76
875,-26.13
876,-27.34
877,-26.68
878,-24.77
879,-28.11
880,-27.75
881,-27.24
882,-25.64
883,-26.18
884,-27.71
885,-27.62
886,-24.52
887,-27.56
888,-26.27
889,-25.45
890,-25.79
891,-27.79
892,-25.71
893,-24.39
894,-27.95
895,-25.47
896,-26.49
897,-26.28
898,-28.03
899,-26.58
900,-26.4
901,-28.41
902,-28.69
903,-26.95
904,-26.02
905,-26.18
906,-26.08
907,-26.71
908,-27.85
909,-26.52
910,-27.63
911,-27.23
912,-25.55
913,-25.68
914,-27.34
915,-25.57
916,-25.46
917,-25.84
918,-26.83
919,-25.14
920,-26.33
921,-26.31
922,-25.48
923,-28.53
924,-26.05
925,-27.64
926,-27.03
927,-27.39
928,-26.26
929,-25.61
930,-26.3
931,-26.09
932,-26.67
933,-27.23
934,-26.02
935,-24.55
936,-25.8
937,-25.38
938,-27.56
939,-27.24
940,-27.39
941,-26.87
942,-27.11
943,-26.52
944,-25.74
945,-26.42
946,-25.55
947,-27.17
948,-27.2
949,-26.17
950,-26.37
951,-28.58
952,-26.53
953,-27.3
954,-25.72
955,-25.38
956,-27.03
957,-25.82
958,-24.78
959,-26.15
960,-26.53
961,-26.63
962,-25.45
963,-27.84
964,-26.77
965,-26.71
966,-27.56
967,-26.13
968,-25.57
969,-26.59
970,-25.8
971,-26.29
972,-26.86
973,-26.16
974,-26.38
975,-26.77
976,-26.43
977,-25.62
978,-26.55
979,-26.68
980,-25.8
981,-25.37
982,-26.53
983,-26.88
984,-26.31
985,-25.54
986,-25.77
987,-25.68
988,-25.48
989,-25.62
990,-26.47
991,-25.5
992,-27.08
993,-26.15
994,-24.78
995,-28.89
996,-25.56
997,-26.29
998,-26.05
999,-26.95
1000,-27.22
