1,-30.18
2,-33.47
3,-36.11
4,-30.23
5,-32.93
6,-33.82
7,-31.68
8,-33.44
9,-32.48
10,-35.12
11,-31.05
12,-30.97
13,-36.47
14,-32.83
15,-32.42
16,-33.65
17,-32.71
18,-31.22
19,-33.89
20,-30.55
21,-31.27
22,-32.14
23,-35.46
24,-32.43
25,-31.67
26,-30.3
27,-35.37
28,-29.73
29,-30.08
30,-30.57
31,-32.19
32,-31.12
33,-35.54
34,-33.34
35,-33.2
36,-32.55
37,-33.57
38,-31.78
39,-31.31
40,-30.79
41,-34.88
42,-33.4
43,-29.23
44,-32.02
45,-29.91
46,-34.07
47,-31.92
48,-31.53
49,-31.9
50,-29.74
51,-33.07
52,-30.88
53,-31.72
54,-32.86
55,-33.28
56,-31.83
57,-30.44
58,-32.65
59,-31.98
60,-30.22
61,-31.83
62,-33.49
63,-30.44
64,-32.82
65,-33.84
66,-34.96
67,-31.16
68,-31.18
69,-30.39
70,-29.14
71,-31.74
72,-30.98
73,-29.96
74,-32.47
75,-29.64
76,-28.8
77,-32.66
78,-30.15
79,-33.52
80,-34.04
81,-30.61
82,-31.04
83,-31.75
84,-33.22
85,-30.72
86,-31.94
87,-32.12
88,-30.82
89,-30.18
90,-32.49
91,-34.56
92,-30.87
93,-32.58
94,-29.83
95,-30.68
96,-32.67
97,-31.86
98,-30.66
99,-33.07
100,-30.83
101,-30.94
102,-30.57
103,-29.64
104,-32.87
105,-30.45
106,-31.51
107,-32.34
108,-34.64
109,-32.27
110,-29.26
111,-33.4
112,-29.15
113,-33.82
114,-28.54
115,-33.62
116,-29.67
117,-33.1
118,-32.31
119,-30.27
120,-32.92
121,-31.01
122,-33.09
123,-30.84
124,-32.6
125,-31.37
126,-30.59
127,-29.82
128,-26.95
129,-29.75
130,-33.66
131,-29.55
132,-28.6
133,-32.42
134,-31.78
135,-32.71
136,-31.47
137,-31.57
138,-31.75
139,-30.18
140,-32.93
141,-32.73
142,-29.73
143,-30.77
144,-30.2
145,-30.5
146,-30.44
147,-31.9
148,-29.95
149,-28.61
150,-33.11
151,-28.78
152,-29.47
153,-31.55
154,-31.19
155,-30.19
156,-29.34
157,-31.75
158,-29.42
159,-31.83
160,-29.52
161,-31.49
162,-31.49
163,-30.28
164,-29.68
165,-32.98
166,-29.38
167,-31.46
168,-28.03
169,-29.64
170,-30.03
171,-32.08
172,-29.62
173,-33.52
174,-31.95
175,-30.74
176,-29.56
177,-30.85
178,-29.38
179,-30.41
180,-30.25
181,-32.68
182,-31.13
183,-29.46
184,-25.88
185,-29.65
186,-28.18
187,-29.59
188,-29.74
189,-32.05
190,-31.04
191,-29.22
192,-31.9
193,-31.67
194,-28.89
195,-30.03
196,-29.61
197,-30.31
198,-31.7
199,-30.81
200,-32.36
201,-30.8
202,-30.79
203,-29.68
204,-31.23
205,-32.77
206,-29.79
207,-29.28
208,-31.9
209,-32.35
210,-31.3
211,-33.11
212,-32.78
213,-29.25
214,-29.3
215,-30.03
216,-32.93
217,-32.2
218,-30.2
219,-27.16
220,-30.92
221,-30.5
222,-32.8
223,-28.65
224,-31.88
225,-32.89
226,-27.24
227,-31.32
228,-30.15
229,-31.07
230,-28.8
231,-29.7
232,-30.85
233,-26.98
234,-29.18
235,-28.83
236,-29.64
237,-29.89
238,-29.83
239,-31.01
240,-31.97
241,-29.87
242,-31.15
243,-31.21
244,-29.38
245,-30.33
246,-31.2
247,-30.8
248,-30.75
249,-31.5
250,-29.13
251,-29.78
252,-28.88
253,-28.27
254,-31.5
255,-30.33
256,-29.92
257,-29.29
258,-28.11
259,-28.81
260,-30.68
261,-31.88
262,-27.93
263,-29.76
264,-29.58
265,-31.68
266,-28.43
267,-30.55
268,-29.5
269,-27.72
270,-29.81
271,-29.37
272,-28.94
273,-30.03
274,-31.52
275,-29.54
276,-29.17
277,-28.91
278,-30.57
279,-28.52
280,-29.37
281,-31.14
282,-30.45
283,-28.23
284,-32.75
285,-27.94
286,-30.5
287,-28.9
288,-27.54
289,-29.24
290,-31.03
291,-28.99
292,-30.02
293,-30.09
294,-30.16
295,-29.37
296,-30.31
297,-30.3
298,-31.27
299,-28.42
300,-29.86
301,-31.46
302,-30.44
303,-26.93
304,-29.94
305,-30.19
306,-30.74
307,-28.95
308,-27.99
309,-31.92
310,-28.61
311,-30.03
312,-30.34
313,-29.99
314,-30.05
315,-27.99
316,-28.46
317,-27.91
318,-29.77
319,-30.1
320,-30.33
321,-27.89
322,-26.74
323,-31.09
324,-31.71
325,-27.61
326,-30.02
327,-28.79
328,-28.88
329,-29.93
330,-30.11
331,-28.32
332,-28.46
333,-30.25
334,-31.11
335,-27.29
336,-28.95
337,-29.34
338,-27.62
339,-31.5
340,-30.72
341,-28.4
342,-28.85
343,-29.51
344,-27.79
345,-28.9
346,-30.11
347,-27.31
348,-29.21
349,-29.65
350,-27.79
351,-28.91
352,-30.56
353,-28.6
354,-30.05
355,-30.12
356,-28.54
357,-28.63
358,-29.0
359,-28.75
360,-29.37
361,-30.2
362,-26.92
363,-29.55
364,-27.08
365,-27.5
366,-28.64
367,-28.89
368,-30.72
369,-28.28
370,-26.46
371,-28.87
372,-28.99
373,-30.58
374,-28.14
375,-31.57
376,-29.55
377,-30.08
378,-31.43
379,-28.14
380,-26.28
381,-28.52
382,-28.33
383,-28.64
384,-28.61
385,-26.42
386,-27.84
387,-29.27
388,-27.74
389,-27.97
390,-29.65
391,-30.86
392,-27.76
393,-30.04
394,-30.57
395,-29.39
396,-33.1
397,-28.23
398,-26.77
399,-28.7
400,-28.39
401,-29.73
402,-30.4
403,-30.24
404,-30.07
405,-27.77
406,-26.43
407,-27.12
408,-27.98
409,-27.41
410,-27.51
411,-26.83
412,-28.19
413,-27.76
414,-30.78
415,-28.34
416,-27.67
417,-28.38
418,-28.85
419,-28.57
420,-28.53
421,-29.05
422,-26.23
423,-28.43
424,-28.86
425,-28.28
426,-28.35
427,-29.41
428,-29.6
429,-28.46
430,-29.1
431,-27.16
432,-27.11
433,-28.62
434,-29.98
435,-30.39
436,-29.0
437,-28.06
438,-29.21
439,-27.71
440,-29.13
441,-30.01
442,-27.35
443,-32.05
444,-27.92
445,-28.8
446,-27.59
447,-29.92
448,-30.27
449,-27.69
450,-27.68
451,-31.03
452,-27.44
453,-28.39
454,-29.32
455,-29.06
456,-29.04
457,-26.98
458,-27.51
459,-28.38
460,-26.75
461,-28.28
462,-28.38
463,-27.76
464,-27.89
465,-29.06
466,-29.33
467,-27.76
468,-30.64
469,-30.73
470,-31.87
471,-27.14
472,-28.03
473,-28.45
474,-28.02
475,-28.15
476,-27.29
477,-25.5
478,-28.51
479,-31.26
480,-28.71
481,-25.51
482,-29.08
483,-30.52
484,-29.29
485,-27.3
486,-29.64
487,-28.2
488,-28.19
489,-26.97
490,-27.41
491,-30.22
492,-28.52
493,-31.45
494,-29.46
495,-28.65
496,-26.77
497,-28.31
498,-28.74
499,-27.84
500,-29.42
501,-30.23
502,-25.77
503,-27.44
504,-29.37
505,-27.44
506,-26.85
507,-29.31
508,-30.49
509,-29.55
510,-27.51
511,-26.34
512,-28.19
513,-27.4
514,-27.06
515,-27.11
516,-28.72
517,-30.47
518,-27.96
519,-28.03
520,-29.88
521,-27.87
522,-28.26
523,-26.65
524,-27.48
525,-26.74
526,-29.29
527,-28.27
528,-26.0
529,-26.49
530,-28.61
531,-27.99
532,-26.5
533,-27.63
534,-28.19
535,-29.06
536,-27.31
537,-28.25
538,-26.68
539,-29.45
540,-30.2
541,-25.44
542,-28.79
543,-28.37
544,-28.72
545,-29.56
546,-29.68
547,-26.47
548,-27.69
549,-28.55
550,-25.57
551,-28.43
552,-27.46
553,-27.78
554,-26.89
555,-28.65
556,-26.84
557,-27.08
558,-29.47
559,-25.46
560,-26.87
561,-27.71
562,-29.49
563,-26.45
564,-29.13
565,-25.82
566,-27.59
567,-29.05
568,-27.76
569,-24.53
570,-27.09
571,-29.35
572,-27.35
573,-27.42
574,-29.39
575,-27.86
576,-27.66
577,-27.39
578,-24.87
579,-27.7
580,-29.65
581,-28.04
582,-27.2
583,-25.78
584,-27.8
585,-26.4
586,-28.01
587,-28.61
588,-27.1
589,-30.09
590,-30.9
591,-27.72
592,-27.25
593,-27.09
594,-27.09
595,-26.42
596,-29.15
597,-27.86
598,-26.8
599,-27.46
600,-28.43
601,-27.63
602,-28.85
603,-28.01
604,-28.02
605,-27.43
606,-27.76
607,-28.94
608,-27.97
609,-26.8
610,-28.48
611,-28.82
612,-26.13
613,-29.37
614,-27.56
615,-29.4
616,-27.58
617,-28.14
618,-26.85
619,-28.42
620,-27.14
621,-28.44
622,-28.09
623,-27.16
624,-27.48
625,-28.14
626,-27.55
627,-24.97
628,-27.52
629,-28.15
630,-27.27
631,-27.94
632,-27.89
633,-26.75
634,-29.67
635,-26.87
636,-27.96
637,-26.91
638,-27.61
639,-27.51
640,-28.48
641,-27.72
642,-30.5
643,-26.27
644,-26.02
645,-30.1
646,-28.39
647,-25.43
648,-27.65
649,-27.1
650,-27.92
651,-28.79
652,-27.6
653,-31.38
654,-27.43
655,-27.17
656,-27.11
657,-27.65
658,-27.85
659,-25.95
660,-27.35
661,-27.94
662,-26.52
663,-27.61
664,-27.98
665,-27.19
666,-28.62
667,-27.0
668,-27.16
669,-25.79
670,-28.9
671,-26.94
672,-27.39
673,-26.17
674,-25.23
675,-26.35
676,-25.07
677,-26.48
678,-25.08
679,-27.82
680,-28.53
681,-27.23
682,-27.42
683,-28.12
684,-28.77
685,-26.09
686,-26.79
687,-26.58
688,-26.82
689,-26.06
690,-27.7
691,-26.75
692,-28.44
693,-27.07
694,-25.81
695,-26.17
696,-25.74
697,-26.26
698,-27.92
699,-26.47
700,-24.84
701,-28.03
702,-29.19
703,-28.07
704,-27.53
705,-27.46
706,-25.95
707,-29.73
708,-25.36
709,-29.0
710,-28.01
711,-26.28
712,-27.25
713,-28.26
714,-26.41
715,-26.68
716,-28.18
717,-25.2
718,-26.51
719,-26.42
720,-25.94
721,-29.84
722,-26.84
723,-27.65
724,-24.75
725,-25.0
726,-25.04
727,-28.67
728,-28.81
729,-30.14
730,-28.95
731,-27.7
732,-29.5
733,-30.93
734,-29.31
735,-27.47
736,-28.24
737,-26.75
738,-27.23
739,-26.92
740,-26.66
741,-25.3
742,-27.37
743,-25.75
744,-26.69
745,-25.95
746,-26.59
747,-25.84
748,-26.8
749,-29.85
750,-25.32
751,-25.52
752,-26.58
753,-25.55
754,-31.78
755,-27.45
756,-27.42
757,-27.0
758,-29.12
759,-27.81
760,-27.96
761,-28.06
762,-24.83
763,-26.48
764,-24.94
765,-26.73
766,-26.9
767,-25.78
768,-25.21
769,-26.86
770,-26.63
771,-25.98
772,-28.51
773,-28.71
774,-26.69
775,-28.88
776,-30.08
777,-29.4
778,-27.5
779,-27.21
780,-28.17
781,-26.25
782,-26.87
783,-27.57
784,-25.04
785,-26.43
786,-29.96
787,-29.85
788,-28.38
789,-29.7
790,-24.64
791,-29.08
792,-26.51
793,-27.68
794,-26.18
795,-25.81
796,-28.02
797,-28.11
798,-30.12
799,-29.74
800,-28.1
801,-27.39
802,-28.14
803,-24.85
804,-28.95
805,-28.41
806,-24.34
807,-27.02
808,-26.75
809,-28.06
810,-28.53
811,-26.46
812,-26.72
813,-26.66
814,-26.84
815,-27.52
816,-26.52
817,-29.13
818,-26.98
819,-27.52
820,-26.36
821,-26.94
822,-24.56
823,-28.09
824,-27.32
825,-26.43
826,-26.98
827,-28.05
828,-27.81
829,-29.38
830,-27.29
831,-26.78
832,-28.2
833,-29.89
834,-30.77
835,-28.29
836,-29.58
837,-27.73
838,-26.61
839,-25.92
840,-29.2
841,-26.4
842,-29.17
843,-28.85
844,-26.92
845,-28.26
846,-26.7
847,-28.6
848,-27.19
849,-29.56
850,-29.33
851,-27.36
852,-27.97
853,-27.59
854,-26.8
855,-27.77
856,-27.29
857,-27.35
858,-27.36
859,-28.86
860,-27.68
861,-27.55
862,-26.84
863,-27.71
864,-26.39
865,-28.47
866,-26.19
867,-26.57
868,-27.16
869,-26.15
870,-26.84
871,-28.0
872,-28.16
873,-27.21
874,-26.49
875,-25.56
876,-24.89
877,-28.85
878,-27.4
879,-25.46
880,-25.37
881,-26.59
882,-29.73
883,-23.02
884,-27.56
885,-26.58
886,-28.22
887,-28.25
888,-27.89
889,-29.63
890,-31.22
891,-28.82
892,-28.25
893,-27.71
894,-29.61
895,-27.41
896,-26.82
897,-28.63
898,-27.19
899,-29.38
900,-28.11
901,-28.36
902,-26.62
903,-26.3
904,-27.34
905,-26.81
906,-29.55
907,-27.24
908,-27.59
909,-26.31
910,-26.78
911,-27.11
912,-26.26
913,-28.41
914,-27.02
915,-27.46
916,-28.17
917,-30.51
918,-26.66
919,-25.84
920,-25.84
921,-28.71
922,-27.26
923,-26.33
924,-26.74
925,-30.74
926,-28.55
927,-27.44
928,-28.86
929,-28.38
930,-27.96
931,-27.51
932,-25.05
933,-28.36
934,-26.41
935,-25.22
936,-28.39
937,-28.23
938,-28.72
939,-27.87
940,-26.83
941,-27.39
942,-28.26
943,-27.74
944,-25.24
945,-27.26
946,-27.84
947,-26.21
948,-25.84
949,-26.77
950,-29.0
951,-26.8
952,-25.94
953,-26.16
954,-27.65
955,-28.72
956,-27.16
957,-25.64
958,-27.47
959,-25.27
960,-27.72
961,-28.09
962,-27.84
963,-27.19
964,-26.9
965,-25.33
966,-24.4
967,-27.36
968,-25.39
969,-26.91
970,-27.15
971,-25.94
972,-24.77
973,-27.4
974,-26.88
975,-26.13
976,-29.17
977,-25.66
978,-26.42
979,-24.9
980,-24.26
981,-25.76
982,-27.43
983,-24.59
984,-27.08
985,-22.37
986,-25.53
987,-23.75
988,-25.68
989,-26.61
990,-25.73
991,-26.57
992,-27.41
993,-24.97
994,-25.27
995,-27.26
996,-27.47
997,-25.67
998,-24.15
999,-24.73
1000,-26.03
