1,-38.34
2,-39.34
3,-34.52
4,-33.58
5,-35.24
6,-37.82
7,-38.63
8,-35.67
9,-39.52
10,-38.91
11,-40.65
12,-36.43
13,-37.56
14,-36.73
15,-35.6
16,-37.92
17,-35.52
18,-37.28
19,-34.67
20,-38.7
21,-37.19
22,-35.83
23,-35.74
24,-35.48
25,-37.57
26,-38.68
27,-36.74
28,-36.93
29,-36.13
30,-37.03
31,-34.09
32,-36.58
33,-38.66
34,-36.48
35,-33.21
36,-38.24
37,-35.51
38,-35.22
39,-33.39
40,-39.16
41,-34.88
42,-35.92
43,-36.0
44,-34.84
45,-35.58
46,-38.07
47,-34.73
48,-36.1
49,-37.76
50,-34.59
51,-32.57
52,-33.36
53,-34.83
54,-37.81
55,-39.77
56,-38.91
57,-35.75
58,-35.36
59,-38.42
60,-35.11
61,-34.0
62,-32.38
63,-32.16
64,-33.92
65,-38.21
66,-34.45
67,-37.6
68,-34.89
69,-34.8
70,-35.86
71,-36.69
72,-35.43
73,-35.0
74,-35.64
75,-37.89
76,-34.15
77,-34.8
78,-36.67
79,-35.33
80,-34.94
81,-34.58
82,-35.52
83,-33.55
84,-32.55
85,-35.67
86,-38.04
87,-36.83
88,-36.32
89,-32.5
90,-34.98
91,-38.99
92,-35.46
93,-36.98
94,-37.79
95,-35.16
96,-35.31
97,-35.72
98,-34.78
99,-36.26
100,-36.17
101,-34.67
102,-37.46
103,-34.02
104,-35.17
105,-37.72
106,-33.75
107,-36.42
108,-34.79
109,-33.86
110,-37.46
111,-32.77
112,-36.74
113,-32.87
114,-32.58
115,-36.17
116,-36.36
117,-35.13
118,-33.64
119,-32.85
120,-38.36
121,-35.16
122,-34.8
123,-36.8
124,-33.14
125,-36.97
126,-35.86
127,-34.26
128,-35.41
129,-34.83
130,-35.69
131,-34.91
132,-34.31
133,-34.08
134,-35.93
135,-32.75
136,-35.18
137,-31.78
138,-36.11
139,-36.22
140,-34.71
141,-33.88
142,-37.43
143,-32.91
144,-36.26
145,-34.06
146,-35.49
147,-34.92
148,-33.75
149,-32.83
150,-37.86
151,-36.41
152,-34.46
153,-35.55
154,-35.73
155,-33.72
156,-31.99
157,-35.42
158,-34.92
159,-33.61
160,-35.57
161,-36.44
162,-34.93
163,-33.12
164,-34.92
165,-33.84
166,-33.41
167,-34.0
168,-34.63
169,-32.84
170,-35.06
171,-35.09
172,-35.61
173,-36.93
174,-34.89
175,-34.48
176,-33.91
177,-34.07
178,-35.73
179,-34.82
180,-35.2
181,-34.98
182,-32.17
183,-32.52
184,-35.13
185,-31.71
186,-34.26
187,-32.62
188,-35.85
189,-35.76
190,-34.41
191,-35.2
192,-35.25
193,-31.78
194,-32.55
195,-34.14
196,-37.6
197,-32.97
198,-34.52
199,-34.78
200,-34.81
201,-35.33
202,-32.39
203,-36.28
204,-34.01
205,-36.41
206,-32.37
207,-30.92
208,-33.7
209,-33.93
210,-32.84
211,-34.57
212,-32.91
213,-34.83
214,-35.79
215,-34.44
216,-34.54
217,-32.91
218,-33.82
219,-33.82
220,-33.31
221,-32.37
222,-35.27
223,-35.24
224,-32.91
225,-35.51
226,-34.96
227,-35.58
228,-33.14
229,-34.27
230,-34.39
231,-32.33
232,-33.53
233,-32.05
234,-32.28
235,-32.82
236,-34.09
237,-34.03
238,-36.88
239,-30.42
240,-34.62
241,-30.0
242,-35.07
243,-35.67
244,-35.51
245,-34.49
246,-35.34
247,-34.81
248,-34.15
249,-33.36
250,-32.69
251,-32.91
252,-35.97
253,-35.39
254,-32.15
255,-34.53
256,-33.11
257,-34.4
258,-37.69
259,-30.56
260,-31.63
261,-31.51
262,-31.63
263,-35.62
264,-31.24
265,-32.94
266,-31.37
267,-33.52
268,-34.3
269,-31.63
270,-31.95
271,-34.37
272,-34.61
273,-33.23
274,-33.62
275,-31.67
276,-30.33
277,-32.87
278,-34.6
279,-31.13
280,-32.02
281,-31.95
282,-35.11
283,-32.24
284,-35.32
285,-32.82
286,-32.89
287,-32.34
288,-33.79
289,-33.34
290,-32.64
291,-32.09
292,-36.65
293,-32.51
294,-33.58
295,-33.28
296,-32.94
297,-36.42
298,-32.74
299,-32.62
300,-32.1
301,-32.54
302,-31.76
303,-33.05
304,-34.34
305,-33.31
306,-36.88
307,-32.86
308,-33.93
309,-33.49
310,-32.53
311,-32.66
312,-34.33
313,-33.49
314,-30.89
315,-30.78
316,-32.64
317,-34.83
318,-33.88
319,-30.73
320,-32.51
321,-33.28
322,-34.72
323,-31.77
324,-34.39
325,-33.23
326,-34.2
327,-34.15
328,-32.94
329,-30.04
330,-34.07
331,-31.4
332,-33.58
333,-35.18
334,-32.69
335,-32.83
336,-33.38
337,-33.4
338,-34.27
339,-34.23
340,-31.28
341,-32.64
342,-34.62
343,-31.43
344,-37.03
345,-31.23
346,-31.02
347,-33.26
348,-33.42
349,-33.81
350,-32.37
351,-33.89
352,-33.06
353,-30.21
354,-31.32
355,-31.32
356,-31.8
357,-32.81
358,-35.3
359,-32.04
360,-34.15
361,-32.59
362,-28.89
363,-31.96
364,-30.83
365,-32.52
366,-32.9
367,-31.79
368,-31.79
369,-31.33
370,-34.17
371,-30.96
372,-32.45
373,-33.22
374,-32.87
375,-31.98
376,-33.04
377,-33.61
378,-30.8
379,-30.74
380,-31.25
381,-34.12
382,-31.38
383,-33.65
384,-33.13
385,-33.49
386,-32.4
387,-31.27
388,-32.78
389,-31.26
390,-31.05
391,-34.1
392,-31.13
393,-31.09
394,-30.75
395,-33.11
396,-31.31
397,-33.75
398,-32.88
399,-34.22
400,-31.78
401,-32.16
402,-32.75
403,-31.0
404,-28.68
405,-32.15
406,-30.03
407,-32.1
408,-31.38
409,-34.03
410,-32.6
411,-31.37
412,-32.04
413,-29.88
414,-32.05
415,-31.16
416,-31.65
417,-31.63
418,-33.55
419,-33.47
420,-31.24
421,-33.56
422,-30.37
423,-31.51
424,-32.03
425,-32.39
426,-33.31
427,-30.16
428,-30.64
429,-31.63
430,-32.05
431,-31.28
432,-29.78
433,-30.88
434,-29.63
435,-30.54
436,-30.2
437,-31.45
438,-32.09
439,-32.36
440,-31.02
441,-30.95
442,-30.7
443,-34.18
444,-32.43
445,-32.19
446,-30.62
447,-29.83
448,-29.63
449,-31.84
450,-30.8
451,-32.63
452,-31.92
453,-29.9
454,-31.75
455,-29.12
456,-31.31
457,-30.32
458,-30.67
459,-33.54
460,-30.82
461,-30.81
462,-30.86
463,-31.2
464,-32.03
465,-29.29
466,-30.9
467,-32.88
468,-31.76
469,-28.27
470,-33.78
471,-29.8
472,-30.7
473,-31.2
474,-29.89
475,-32.92
476,-29.63
477,-30.76
478,-30.0
479,-31.2
480,-31.38
481,-30.08
482,-31.27
483,-31.99
484,-31.51
485,-29.46
486,-30.47
487,-33.4
488,-28.66
489,-31.8
490,-30.41
491,-30.8
492,-32.02
493,-30.01
494,-28.55
495,-31.97
496,-29.65
497,-30.81
498,-30.04
499,-30.54
500,-31.41
501,-33.88
502,-30.58
503,-31.87
504,-30.61
505,-29.85
506,-30.85
507,-28.38
508,-29.3
509,-30.49
510,-30.41
511,-31.33
512,-30.48
513,-29.78
514,-29.11
515,-32.3
516,-29.21
517,-29.81
518,-29.72
519,-31.99
520,-31.83
521,-31.82
522,-31.42
523,-31.0
524,-31.47
525,-30.29
526,-30.2
527,-32.73
528,-31.2
529,-29.32
530,-30.8
531,-31.88
532,-31.99
533,-31.53
534,-29.63
535,-30.76
536,-30.8
537,-31.05
538,-30.26
539,-31.47
540,-31.15
541,-30.78
542,-32.52
543,-31.06
544,-32.48
545,-30.14
546,-30.86
547,-28.65
548,-30.13
549,-31.46
550,-29.07
551,-31.55
552,-30.07
553,-28.29
554,-31.17
555,-31.18
556,-30.73
557,-30.4
558,-29.58
559,-29.77
560,-29.29
561,-30.18
562,-31.47
563,-29.34
564,-30.19
565,-31.14
566,-30.32
567,-30.55
568,-30.13
569,-32.03
570,-31.5
571,-31.2
572,-29.39
573,-29.46
574,-28.39
575,-29.83
576,-30.48
577,-29.82
578,-31.02
579,-30.54
580,-29.76
581,-29.97
582,-29.88
583,-29.78
584,-28.97
585,-31.31
586,-31.46
587,-30.47
588,-31.49
589,-30.85
590,-27.87
591,-32.05
592,-30.93
593,-31.97
594,-30.62
595,-33.19
596,-30.25
597,-31.52
598,-29.69
599,-29.34
600,-29.83
601,-28.6
602,-30.88
603,-32.34
604,-33.18
605,-29.71
606,-30.92
607,-29.14
608,-31.95
609,-30.75
610,-30.74
611,-30.81
612,-29.61
613,-31.13
614,-29.4
615,-31.12
616,-31.75
617,-31.62
618,-30.94
619,-30.51
620,-30.02
621,-28.85
622,-30.04
623,-30.9
624,-29.41
625,-29.6
626,-30.38
627,-29.07
628,-31.61
629,-29.8
630,-30.34
631,-30.71
632,-32.2
633,-31.2
634,-29.74
635,-31.26
636,-31.4
637,-29.6
638,-28.77
639,-31.08
640,-30.57
641,-29.73
642,-30.61
643,-30.73
644,-29.99
645,-28.56
646,-30.43
647,-29.62
648,-28.01
649,-30.0
650,-28.92
651,-30.71
652,-29.66
653,-29.52
654,-28.9
655,-30.59
656,-28.89
657,-30.7
658,-31.16
659,-29.23
660,-28.46
661,-30.19
662,-29.15
663,-28.95
664,-28.0
665,-32.46
666,-30.02
667,-29.75
668,-28.55
669,-29.88
670,-28.84
671,-28.85
672,-30.76
673,-30.22
674,-29.08
675,-29.14
676,-28.82
677,-29.37
678,-30.2
679,-28.4
680,-28.16
681,-29.55
682,-30.9
683,-28.64
684,-29.57
685,-30.3
686,-29.91
687,-29.19
688,-30.64
689,-30.95
690,-29.44
691,-28.29
692,-30.27
693,-30.52
694,-30.75
695,-29.03
696,-32.32
697,-29.67
698,-27.59
699,-28.64
700,-28.88
701,-28.7
702,-29.72
703,-28.66
704,-29.78
705,-30.22
706,-30.22
707,-30.69
708,-28.2
709,-29.54
710,-29.86
711,-29.0
712,-29.23
713,-30.95
714,-30.04
715,-30.29
716,-30.49
717,-29.48
718,-30.22
719,-30.07
720,-29.74
721,-32.29
722,-29.63
723,-30.04
724,-30.45
725,-28.54
726,-28.55
727,-30.5
728,-28.66
729,-30.99
730,-29.2
731,-28.43
732,-27.86
733,-28.72
734,-28.6
735,-30.65
736,-29.03
737,-30.08
738,-28.17
739,-28.44
740,-31.32
741,-30.14
742,-27.64
743,-28.65
744,-29.36
745,-29.3
746,-30.07
747,-29.86
748,-30.69
749,-31.06
750,-30.29
751,-29.87
752,-28.13
753,-28.72
754,-26.87
755,-28.53
756,-28.39
757,-28.25
758,-30.79
759,-29.38
760,-30.31
761,-28.71
762,-29.04
763,-28.68
764,-30.48
765,-28.93
766,-28.5
767,-30.95
768,-30.34
769,-29.32
770,-28.73
771,-29.05
772,-29.18
773,-31.67
774,-29.92
775,-29.52
776,-31.13
777,-28.64
778,-31.25
779,-30.47
780,-26.59
781,-31.28
782,-28.43
783,-29.55
784,-27.34
785,-29.29
786,-28.75
787,-28.11
788,-29.62
789,-27.96
790,-28.23
791,-29.28
792,-28.09
793,-29.62
794,-28.9
795,-28.01
796,-29.32
797,-28.31
798,-29.68
799,-28.46
800,-30.4
801,-29.28
802,-28.57
803,-28.47
804,-28.47
805,-28.08
806,-28.47
807,-28.02
808,-31.18
809,-27.63
810,-30.13
811,-30.98
812,-30.72
813,-29.47
814,-27.54
815,-27.86
816,-27.72
817,-29.38
818,-30.26
819,-27.79
820,-27.05
821,-30.96
822,-28.06
823,-28.14
824,-27.44
825,-28.51
826,-28.7
827,-29.75
828,-29.97
829,-27.03
830,-28.86
831,-27.3
832,-28.88
833,-30.39
834,-27.78
835,-29.86
836,-28.23
837,-29.44
838,-29.99
839,-28.03
840,-29.33
841,-29.74
842,-29.06
843,-28.61
844,-28.49
845,-28.03
846,-28.61
847,-26.32
848,-27.4
849,-30.01
850,-29.68
851,-26.13
852,-28.14
853,-27.92
854,-28.49
855,-30.48
856,-29.13
857,-28.64
858,-29.05
859,-27.9
860,-30.1
861,-27.97
862,-29.53
863,-27.24
864,-26.62
865,-29.78
866,-27.39
867,-30.42
868,-28.89
869,-29.11
870,-28.95
871,-27.16
872,-26.99
873,-26.93
874,-28.1
875,-28.01
876,-28.09
877,-28.83
878,-26.78
879,-29.06
880,-29.67
881,-29.71
882,-27.02
883,-28.62
884,-30.02
885,-29.95
886,-29.1
887,-29.89
888,-30.36
889,-28.67
890,-28.75
891,-28.71
892,-28.6
893,-28.98
894,-27.53
895,-29.26
896,-28.95
897,-29.3
898,-30.27
899,-27.76
900,-29.08
901,-30.27
902,-29.55
903,-28.56
904,-30.19
905,-27.57
906,-29.36
907,-27.16
908,-29.08
909,-27.22
910,-28.29
911,-27.59
912,-28.59
913,-30.41
914,-27.67
915,-29.22
916,-29.47
917,-30.71
918,-27.57
919,-27.93
920,-27.98
921,-27.11
922,-28.18
923,-28.66
924,-27.87
925,-29.43
926,-30.13
927,-29.3
928,-29.25
929,-29.2
930,-26.82
931,-28.43
932,-26.8
933,-28.82
934,-27.68
935,-27.83
936,-28.68
937,-30.45
938,-29.2
939,-29.48
940,-28.32
941,-27.24
942,-28.07
943,-29.09
944,-29.35
945,-27.36
946,-26.53
947,-27.36
948,-28.67
949,-29.61
950,-26.56
951,-30.16
952,-27.98
953,-28.09
954,-29.83
955,-26.8
956,-28.76
957,-27.78
958,-29.44
959,-26.88
960,-28.09
961,-26.8
962,-28.74
963,-27.47
964,-30.35
965,-28.4
966,-30.11
967,-28.38
968,-26.9
969,-28.28
970,-28.9
971,-30.34
972,-28.93
973,-27.87
974,-27.86
975,-28.06
976,-26.78
977,-27.38
978,-28.28
979,-27.53
980,-26.72
981,-27.54
982,-29.02
983,-28.82
984,-29.72
985,-26.78
986,-28.77
987,-27.45
988,-27.4
989,-27.07
990,-26.83
991,-27.59
992,-27.55
993,-26.95
994,-28.95
995,-26.12
996,-26.91
997,-26.11
998,-26.25
999,-28.18
1000,-27.44
