1,-37.03
2,-35.89
3,-34.64
4,-34.19
5,-35.34
6,-37.93
7,-35.24
8,-37.58
9,-36.76
10,-32.96
11,-37.35
12,-36.49
13,-35.22
14,-36.84
15,-37.07
16,-37.9
17,-37.51
18,-34.14
19,-35.18
20,-36.99
21,-35.79
22,-36.14
23,-38.46
24,-39.16
25,-36.46
26,-36.57
27,-34.44
28,-37.24
29,-35.02
30,-35.1
31,-36.53
32,-36.35
33,-35.15
34,-36.89
35,-34.63
36,-36.86
37,-37.57
38,-35.27
39,-35.32
40,-37.86
41,-33.9
42,-37.2
43,-36.66
44,-33.97
45,-35.87
46,-35.13
47,-31.63
48,-31.12
49,-33.38
50,-35.01
51,-33.91
52,-35.72
53,-34.38
54,-35.09
55,-36.31
56,-33.48
57,-33.99
58,-33.04
59,-34.95
60,-31.67
61,-32.97
62,-31.56
63,-36.54
64,-32.35
65,-31.29
66,-32.64
67,-35.02
68,-33.23
69,-34.14
70,-31.54
71,-31.28
72,-32.34
73,-30.78
74,-32.34
75,-32.78
76,-30.26
77,-32.78
78,-32.76
79,-32.28
80,-33.37
81,-33.19
82,-33.4
83,-33.3
84,-33.82
85,-31.36
86,-35.33
87,-34.32
88,-32.04
89,-31.48
90,-32.31
91,-31.2
92,-34.55
93,-33.68
94,-32.65
95,-31.84
96,-33.05
97,-33.31
98,-32.1
99,-34.9
100,-33.21
101,-33.16
102,-30.92
103,-32.42
104,-32.18
105,-30.13
106,-31.74
107,-30.63
108,-31.95
109,-30.49
110,-33.37
111,-31.83
112,-34.63
113,-34.65
114,-29.51
115,-30.86
116,-31.3
117,-31.02
118,-29.59
119,-36.37
120,-34.6
121,-32.22
122,-33.75
123,-30.99
124,-32.01
125,-31.39
126,-36.07
127,-30.16
128,-29.56
129,-31.29
130,-30.0
131,-33.56
132,-28.58
133,-33.22
134,-33.1
135,-31.88
136,-29.41
137,-35.4
138,-31.6
139,-32.93
140,-29.46
141,-29.92
142,-31.31
143,-32.0
144,-30.93
145,-30.61
146,-34.69
147,-31.94
148,-31.81
149,-33.25
150,-29.94
151,-31.11
152,-34.44
153,-32.45
154,-29.77
155,-33.3
156,-32.56
157,-31.41
158,-30.05
159,-31.31
160,-30.35
161,-31.2
162,-30.5
163,-33.27
164,-34.73
165,-31.42
166,-32.98
167,-32.68
168,-33.62
169,-30.05
170,-32.69
171,-32.15
172,-33.11
173,-30.56
174,-31.41
175,-32.03
176,-29.93
177,-30.47
178,-30.49
179,-32.11
180,-30.24
181,-30.19
182,-31.4
183,-31.67
184,-29.32
185,-30.77
186,-29.26
187,-30.26
188,-28.63
189,-28.97
190,-32.15
191,-31.14
192,-28.63
193,-32.45
194,-32.39
195,-29.07
196,-28.73
197,-31.38
198,-30.81
199,-29.4
200,-31.05
201,-32.34
202,-28.81
203,-31.37
204,-31.27
205,-31.2
206,-30.44
207,-30.4
208,-32.26
209,-30.98
210,-31.93
211,-30.18
212,-32.33
213,-30.11
214,-31.56
215,-31.0
216,-31.71
217,-29.65
218,-31.54
219,-27.43
220,-29.2
221,-32.3
222,-30.16
223,-29.0
224,-31.59
225,-30.08
226,-29.88
227,-31.09
228,-30.41
229,-30.42
230,-30.96
231,-29.51
232,-32.37
233,-30.96
234,-29.54
235,-31.58
236,-31.23
237,-30.16
238,-31.82
239,-31.37
240,-30.69
241,-32.24
242,-28.37
243,-31.23
244,-32.07
245,-31.61
246,-28.78
247,-31.99
248,-28.1
249,-30.45
250,-31.83
251,-28.8
252,-28.86
253,-30.28
254,-31.68
255,-31.35
256,-29.72
257,-31.79
258,-28.45
259,-30.14
260,-32.42
261,-32.95
262,-30.23
263,-31.79
264,-29.42
265,-30.64
266,-31.52
267,-32.7
268,-31.82
269,-29.86
270,-30.21
271,-31.0
272,-31.28
273,-29.72
274,-31.54
275,-30.09
276,-32.09
277,-30.08
278,-31.75
279,-28.57
280,-32.51
281,-33.58
282,-28.59
283,-28.25
284,-30.92
285,-29.64
286,-30.51
287,-29.7
288,-30.21
289,-31.72
290,-29.1
291,-31.46
292,-30.03
293,-28.71
294,-29.33
295,-31.04
296,-31.0
297,-31.0
298,-29.23
299,-30.48
300,-29.12
301,-29.39
302,-28.64
303,-30.6
304,-29.64
305,-29.04
306,-32.6
307,-32.86
308,-29.79
309,-29.89
310,-31.38
311,-30.85
312,-32.3
313,-30.88
314,-32.06
315,-31.09
316,-29.33
317,-30.66
318,-32.78
319,-32.1
320,-29.58
321,-28.18
322,-31.35
323,-28.51
324,-31.42
325,-27.71
326,-29.17
327,-32.56
328,-29.24
329,-29.45
330,-32.56
331,-31.94
332,-29.04
333,-33.81
334,-31.45
335,-31.59
336,-31.36
337,-30.68
338,-33.1
339,-31.88
340,-33.12
341,-32.22
342,-30.88
343,-31.23
344,-30.91
345,-30.7
346,-29.24
347,-28.08
348,-31.1
349,-33.68
350,-31.99
351,-32.07
352,-31.98
353,-32.85
354,-35.12
355,-30.88
356,-29.43
357,-33.37
358,-30.09
359,-31.65
360,-32.73
361,-31.68
362,-32.4
363,-30.12
364,-30.93
365,-35.13
366,-32.44
367,-35.33
368,-31.8
369,-33.05
370,-32.77
371,-30.0
372,-34.43
373,-32.29
374,-29.99
375,-30.75
376,-28.17
377,-28.68
378,-31.89
379,-32.1
380,-32.17
381,-31.17
382,-29.44
383,-27.47
384,-29.71
385,-31.99
386,-27.52
387,-29.99
388,-31.18
389,-28.67
390,-30.27
391,-30.68
392,-31.45
393,-28.39
394,-29.91
395,-29.85
396,-28.55
397,-29.97
398,-30.56
399,-32.27
400,-29.18
401,-32.49
402,-33.12
403,-30.07
404,-31.48
405,-30.29
406,-34.15
407,-31.01
408,-29.91
409,-31.81
410,-29.72
411,-31.7
412,-31.09
413,-29.72
414,-30.43
415,-33.66
416,-32.61
417,-31.51
418,-30.69
419,-32.65
420,-29.3
421,-29.39
422,-32.5
423,-32.54
424,-29.17
425,-30.9
426,-30.05
427,-29.26
428,-29.9
429,-28.27
430,-30.48
431,-31.83
432,-29.32
433,-30.77
434,-29.25
435,-32.18
436,-32.81
437,-32.11
438,-29.9
439,-30.35
440,-28.9
441,-30.5
442,-31.77
443,-31.11
444,-32.37
445,-30.04
446,-28.64
447,-32.84
448,-32.32
449,-32.61
450,-30.12
451,-29.08
452,-32.11
453,-31.05
454,-34.76
455,-30.21
456,-30.45
457,-30.71
458,-29.52
459,-28.11
460,-31.09
461,-28.27
462,-28.49
463,-32.98
464,-29.57
465,-28.92
466,-31.61
467,-30.86
468,-26.31
469,-28.57
470,-29.71
471,-31.02
472,-30.11
473,-31.11
474,-32.39
475,-31.1
476,-31.06
477,-31.68
478,-32.09
479,-30.35
480,-28.86
481,-29.52
482,-28.69
483,-29.26
484,-30.88
485,-28.71
486,-27.85
487,-30.8
488,-28.48
489,-26.97
490,-29.79
491,-29.94
492,-29.48
493,-30.36
494,-29.51
495,-30.56
496,-28.82
497,-30.39
498,-30.27
499,-28.97
500,-30.45
501,-31.48
502,-30.37
503,-31.98
504,-32.48
505,-30.31
506,-29.66
507,-30.21
508,-32.3
509,-30.69
510,-30.77
511,-32.01
512,-29.88
513,-33.9
514,-29.92
515,-31.25
516,-30.36
517,-30.31
518,-29.18
519,-32.46
520,-32.11
521,-28.38
522,-30.06
523,-30.08
524,-32.5
525,-30.97
526,-31.85
527,-32.17
528,-30.0
529,-29.51
530,-32.86
531,-31.69
532,-33.66
533,-30.16
534,-32.35
535,-30.05
536,-31.75
537,-31.62
538,-32.38
539,-32.92
540,-31.33
541,-31.45
542,-34.66
543,-28.98
544,-28.89
545,-30.79
546,-30.4
547,-32.35
548,-30.32
549,-29.18
550,-32.11
551,-32.27
552,-31.31
553,-28.83
554,-29.42
555,-29.28
556,-29.35
557,-30.24
558,-30.53
559,-34.22
560,-29.54
561,-31.85
562,-34.3
563,-29.2
564,-29.15
565,-30.64
566,-30.42
567,-31.81
568,-30.3
569,-33.58
570,-31.7
571,-29.66
572,-30.89
573,-30.67
574,-29.85
575,-32.38
576,-28.75
577,-33.24
578,-29.54
579,-31.93
580,-31.42
581,-33.09
582,-29.28
583,-32.73
584,-30.77
585,-29.97
586,-29.31
587,-32.9
588,-34.24
589,-32.04
590,-32.06
591,-30.71
592,-32.93
593,-29.87
594,-34.35
595,-29.58
596,-32.66
597,-30.71
598,-33.3
599,-28.38
600,-32.14
601,-36.26
602,-34.47
603,-32.98
604,-32.24
605,-30.91
606,-31.18
607,-30.29
608,-29.87
609,-35.13
610,-31.39
611,-35.39
612,-31.65
613,-29.97
614,-35.27
615,-33.53
616,-35.32
617,-32.36
618,-32.38
619,-30.21
620,-29.36
621,-31.83
622,-30.99
623,-27.51
624,-31.16
625,-35.07
626,-31.97
627,-33.75
628,-33.68
629,-31.92
630,-30.73
631,-32.91
632,-30.47
633,-28.93
634,-32.28
635,-29.3
636,-32.1
637,-33.03
638,-32.9
639,-30.14
640,-34.83
641,-32.7
642,-33.43
643,-32.85
644,-31.42
645,-31.39
646,-29.89
647,-31.76
648,-30.6
649,-34.69
650,-31.93
651,-30.94
652,-34.81
653,-30.02
654,-31.54
655,-30.21
656,-32.08
657,-31.75
658,-33.4
659,-30.14
660,-31.72
661,-36.43
662,-31.91
663,-30.53
664,-36.73
665,-30.98
666,-32.3
667,-33.22
668,-34.36
669,-30.75
670,-35.17
671,-32.88
672,-32.23
673,-30.53
674,-34.03
675,-34.04
676,-34.11
677,-30.61
678,-30.92
679,-30.67
680,-30.41
681,-29.36
682,-30.89
683,-30.37
684,-32.03
685,-31.16
686,-32.6
687,-30.36
688,-30.07
689,-31.09
690,-29.82
691,-33.37
692,-27.78
693,-29.0
694,-29.16
695,-29.09
696,-31.61
697,-31.65
698,-31.12
699,-30.95
700,-31.08
701,-29.39
702,-29.61
703,-28.83
704,-29.04
705,-30.15
706,-28.69
707,-30.26
708,-31.06
709,-32.56
710,-30.61
711,-33.2
712,-30.79
713,-29.26
714,-31.58
715,-30.3
716,-30.31
717,-32.21
718,-30.13
719,-32.02
720,-27.3
721,-33.66
722,-32.2
723,-32.29
724,-29.8
725,-31.81
726,-34.16
727,-30.67
728,-32.1
729,-32.0
730,-28.64
731,-30.49
732,-31.64
733,-32.91
734,-31.78
735,-32.07
736,-33.17
737,-29.59
738,-30.99
739,-31.83
740,-31.9
741,-30.28
742,-30.04
743,-30.1
744,-27.92
745,-34.25
746,-31.9
747,-31.73
748,-31.84
749,-31.66
750,-32.13
751,-31.64
752,-29.33
753,-30.59
754,-32.75
755,-30.71
756,-29.83
757,-32.99
758,-32.04
759,-33.82
760,-29.52
761,-32.42
762,-32.1
763,-32.15
764,-29.59
765,-31.82
766,-29.42
767,-31.72
768,-30.29
769,-30.27
770,-29.36
771,-31.54
772,-33.05
773,-30.52
774,-29.49
775,-29.23
776,-31.35
777,-33.28
778,-32.22
779,-32.85
780,-32.42
781,-31.44
782,-29.5
783,-30.78
784,-30.42
785,-32.21
786,-31.31
787,-31.29
788,-32.21
789,-29.77
790,-27.39
791,-29.57
792,-30.95
793,-30.08
794,-31.7
795,-28.11
796,-32.17
797,-29.31
798,-31.18
799,-29.17
800,-30.42
801,-30.77
802,-29.74
803,-31.98
804,-29.58
805,-29.65
806,-30.95
807,-29.81
808,-30.05
809,-27.53
810,-30.28
811,-30.8
812,-32.16
813,-28.79
814,-27.1
815,-27.88
816,-31.74
817,-29.15
818,-28.33
819,-29.01
820,-30.51
821,-30.36
822,-28.65
823,-29.14
824,-31.1
825,-28.29
826,-29.73
827,-29.25
828,-29.86
829,-31.39
830,-30.89
831,-28.8
832,-30.16
833,-28.96
834,-32.32
835,-33.4
836,-30.85
837,-30.37
838,-29.23
839,-28.76
840,-29.94
841,-28.98
842,-28.43
843,-29.24
844,-30.11
845,-31.71
846,-31.76
847,-29.67
848,-28.94
849,-28.66
850,-32.04
851,-28.45
852,-32.15
853,-31.69
854,-28.41
855,-30.33
856,-31.36
857,-31.02
858,-30.27
859,-34.09
860,-32.53
861,-32.33
862,-30.26
863,-30.36
864,-30.39
865,-30.03
866,-29.32
867,-27.22
868,-29.97
869,-28.98
870,-30.52
871,-29.04
872,-30.79
873,-29.6
874,-31.24
875,-29.06
876,-29.31
877,-31.99
878,-30.19
879,-29.92
880,-29.59
881,-31.05
882,-32.53
883,-29.89
884,-28.32
885,-31.15
886,-33.37
887,-30.57
888,-29.94
889,-31.16
890,-33.15
891,-31.06
892,-30.54
893,-32.69
894,-27.2
895,-30.86
896,-33.13
897,-31.11
898,-29.92
899,-31.34
900,-30.8
901,-31.98
902,-31.3
903,-31.44
904,-28.82
905,-30.99
906,-32.46
907,-32.2
908,-31.53
909,-29.8
910,-28.66
911,-32.18
912,-30.61
913,-29.5
914,-30.75
915,-30.4
916,-29.65
917,-29.48
918,-31.0
919,-31.65
920,-31.26
921,-31.22
922,-33.73
923,-29.27
924,-32.11
925,-31.85
926,-29.98
927,-28.7
928,-30.05
929,-31.5
930,-33.82
931,-32.33
932,-30.85
933,-33.2
934,-31.93
935,-33.46
936,-32.27
937,-32.12
938,-31.96
939,-34.23
940,-31.65
941,-28.23
942,-33.97
943,-32.8
944,-34.9
945,-32.8
946,-30.77
947,-32.21
948,-30.7
949,-30.97
950,-34.12
951,-30.29
952,-32.08
953,-31.96
954,-30.93
955,-29.28
956,-30.63
957,-29.87
958,-28.38
959,-29.39
960,-35.28
961,-30.7
962,-31.47
963,-30.73
964,-30.52
965,-32.72
966,-34.11
967,-34.18
968,-32.03
969,-29.65
970,-30.19
971,-32.89
972,-32.12
973,-30.66
974,-30.24
975,-32.24
976,-32.78
977,-33.63
978,-30.55
979,-30.41
980,-32.9
981,-31.11
982,-30.08
983,-31.1
984,-32.05
985,-32.26
986,-31.01
987,-30.46
988,-29.57
989,-29.85
990,-32.95
991,-32.18
992,-32.2
993,-31.76
994,-28.02
995,-34.05
996,-29.05
997,-32.51
998,-32.35
999,-30.6
1000,-29.25
